0.353585858585859
0.348366834170854
0.322055837563452
0.345628140703518
0.35427135678392
0.37
0.315959595959596
0.363618090452261
0.378165829145729
0.37251269035533
0.34530303030303
0.319742268041237
0.350075376884422
0.338693467336683
0.345150753768844
0.320204081632653
0.341231155778894
0.323477157360406
0.349547738693467
0.365778894472362
0.367361809045226
0.340984848484849
0.329311224489796
0.357010050251256
0.333826530612245
0.327651515151515
0.371608040201005
0.35821608040201
0.382336683417085
0.373743718592965
0.358266331658291
0.313964646464646
0.361708542713568
0.335304568527919
0.295452261306533
0.306105527638191
0.362005076142132
0.316934673366834
0.372537688442211
0.318737373737374
0.34429648241206
0.352286432160804
0.327045454545455
0.335678391959799
0.348969849246231
0.30489898989899
0.345
0.331489898989899
0.294566326530612
0.381658291457286
0.375678391959799
0.340406091370558
0.337258883248731
0.344441624365482
0.37248743718593
0.30489847715736
0.343979591836735
0.359924623115578
0.345150753768844
0.367146464646465
0.337889447236181
0.320552763819095
0.331540404040404
0.343969849246231
0.342412060301508
0.322562814070352
0.342562814070352
0.316136363636364
0.333894472361809
0.321632653061224
0.341522842639594
0.368517587939698
0.309949494949495
0.36489898989899
0.328265306122449
0.383492462311558
0.360979899497487
0.381206030150754
0.333096446700508
0.30894472361809
0.354065656565657
0.369145728643216
0.33
0.338477157360406
0.34927135678392
0.331482412060301
0.326683417085427
0.314497487437186
0.334321608040201
0.35748743718593
0.337168367346939
0.367964824120603
0.315277777777778
0.366085858585859
0.343434343434343
0.348181818181818
0.349899497487437
0.355628140703518
0.361608040201005
0.395829145728643
0.353442211055276
0.339644670050761
0.334285714285714
0.354045226130653
0.341959798994975
0.372462311557789
0.35070351758794
0.326565656565657
0.332780612244898
0.345804020100502
0.357788944723618
0.330025125628141
0.369570707070707
0.353894472361809
0.32248743718593
0.325994897959184
0.340125628140704
0.392763819095477
0.340577889447236
0.325606060606061
0.381306532663317
0.332035175879397
0.329396984924623
0.353869346733668
0.316507537688442
0.3451269035533
0.339289340101523
0.316624365482233
0.347412060301508
0.33760101010101
0.361180904522613
0.337020202020202
0.357889447236181
0.332587939698492
0.339145728643216
0.387160804020101
0.303585858585859
0.352939698492462
0.362386934673367
0.33605527638191
0.330075376884422
0.355979899497487
0.345253807106599
0.316691919191919
0.318238341968912
0.342222222222222
0.320277777777778
0.333964646464646
0.350979899497487
0.34241116751269
0.358510101010101
0.3221608040201
0.372386934673367
0.333668341708543
0.340804020100503
0.340176767676768
0.341834170854271
0.309522613065327
0.379547738693467
0.339285714285714
0.332663316582915
0.325355329949239
0.315277777777778
0.344141414141414
0.340959595959596
0.309311224489796
0.336959798994975
0.333908629441624
0.361206030150754
0.344646464646465
0.347244897959184
0.302715736040609
0.344145728643216
0.311155778894472
0.348061224489796
0.34530303030303
0.323693467336683
0.348762626262626
0.325656565656566
0.336281407035176
0.374673366834171
0.331206030150754
0.345025125628141
0.335833333333333
0.368291457286432
0.39751256281407
0.360353535353535
0.326666666666667
0.326167512690355
0.352247474747475
0.385201005025126
0.34030303030303
0.348844221105528
0.334371859296482
0.325050505050505
0.294267676767677
0.327474747474747
0.379974874371859
0.392814070351759
0.358813131313131
0.312929292929293
0.317537688442211
0.331105527638191
0.39570351758794
0.356984924623116
0.309267676767677
0.347348484848485
0.326105527638191
0.338172588832487
0.322613065326633
0.341407035175879
0.343333333333333
0.326666666666667
0.320126262626263
0.33520202020202
0.362323232323232
0.331540404040404
0.331377551020408
0.336984924623116
0.30248730964467
0.323553299492386
0.34143216080402
0.350126262626263
0.341598984771574
0.31040404040404
0.312060301507538
0.34155612244898
0.362286432160804
0.340808080808081
0.362146464646465
0.350984848484849
0.32270202020202
0.334413265306122
0.348724489795918
0.375653266331658
0.352146464646465
0.344899497487437
0.353737373737374
0.372651515151515
0.364368686868687
0.31751256281407
0.341256281407035
0.343510101010101
0.307171717171717
0.35713567839196
0.326130653266332
0.361482412060302
0.331878172588833
0.359746192893401
0.37394472361809
0.3601269035533
0.282777777777778
0.372989949748744
0.352638190954774
0.31219387755102
0.350954773869347
0.31891959798995
0.340203045685279
0.351590909090909
0.375201005025126
0.295151515151515
0.32739898989899
0.354371859296482
0.341256281407035
0.359623115577889
0.334722222222222
0.342386934673367
0.33572864321608
0.363156565656566
0.343451776649746
0.37072864321608
0.346582914572864
0.325552763819095
0.306633165829146
0.33209595959596
0.349396984924623
0.339949494949495
0.331294416243655
0.355879396984925
0.356356783919598
0.338668341708543
0.315879396984925
0.319221105527638
0.33786432160804
0.365829145728643
0.348560606060606
0.366859296482412
0.335454545454545
0.342160804020101
0.344343434343434
0.353417085427136
0.337309644670051
0.367146464646465
0.33030303030303
0.332361809045226
0.351407035175879
0.339873737373737
0.313212435233161
0.312954545454545
0.315510204081633
0.336085858585859
0.360277777777778
0.335583756345178
0.341649746192893
0.349949748743719
0.383291457286432
0.336984924623116
0.367562814070352
0.33497461928934
0.31429648241206
0.317741116751269
0.328442211055276
0.327085427135678
0.343994974874372
0.329469696969697
0.355201005025126
0.386331658291457
0.356776649746193
0.339086294416244
0.335301507537688
0.331111111111111
0.359849246231156
0.322817258883249
0.303392857142857
0.345681818181818
0.345555555555556
0.32143216080402
0.380603015075377
0.319467005076142
0.339333333333333
0.343914141414141
0.362738693467337
0.320761421319797
0.32502538071066
0.354095477386935
0.304123711340206
0.321243523316062
0.344873096446701
0.331105527638191
0.330858585858586
0.314522613065327
0.348914141414141
0.323366834170854
0.349949494949495
0.350355329949239
0.32790404040404
0.370552763819095
0.369723618090452
0.328065326633166
0.341116751269036
0.330150753768844
0.317817258883249
0.335125628140704
0.343147208121827
0.347878787878788
0.326717171717172
0.331744791666667
0.306395939086294
0.34072864321608
0.352587939698492
0.374221105527638
0.335879396984925
0.34540404040404
0.346377551020408
0.349333333333333
0.353852040816327
0.388592964824121
0.339874371859296
0.345804020100502
0.327311557788945
0.361167512690355
0.337222222222222
0.345502512562814
0.362989949748744
0.319798994974874
0.302626262626263
0.333401015228426
0.362964824120603
0.336548223350254
0.328341708542714
0.334045226130653
0.362979797979798
0.329045226130653
0.32713567839196
0.331573604060914
0.366306532663317
0.320634517766497
0.33040404040404
0.331733668341709
0.316658291457286
0.334795918367347
0.326155778894472
0.338040201005025
0.351944444444444
0.317449494949495
0.384371859296482
0.324773869346734
0.341658291457286
0.336313131313131
0.374045226130653
0.351733668341709
0.350150753768844
0.340201005025126
0.344365482233503
0.363015075376884
0.312933673469388
0.381105527638191
0.353737373737374
0.333291457286432
0.320904522613065
0.34219696969697
0.344695431472081
0.313636363636364
0.338969849246231
0.367060301507538
0.343316582914573
0.336927083333333
0.301076923076923
0.321548223350254
0.337713567839196
0.389120603015075
0.369899497487437
0.322814070351759
0.323680203045685
0.371281407035176
0.321439393939394
0.334949494949495
0.345530303030303
0.328743718592965
0.330452261306533
0.31430412371134
0.367638190954774
0.32010101010101
0.327893401015228
0.345989847715736
0.35143216080402
0.339949494949495
0.373467336683417
0.361231155778894
0.340227272727273
0.355226130653266
0.295541237113402
0.357361809045226
0.339292929292929
0.353065326633166
0.319238578680203
0.380628140703518
0.347676767676768
0.327788944723618
0.355837563451777
0.328065326633166
0.339874371859296
0.372587939698492
0.296666666666667
0.341608040201005
0.33497461928934
0.374593908629442
0.36391959798995
0.324035532994924
0.361040609137056
0.338553299492386
0.366582914572864
0.309045226130653
0.370527638190955
0.302412060301508
0.334847715736041
0.35608040201005
0.346532663316583
0.31729797979798
0.320502512562814
0.389597989949749
0.330854271356784
0.355427135678392
0.319393939393939
0.355858585858586
0.333560606060606
0.334619289340102
0.336868686868687
0.334413265306122
0.338668341708543
0.353299492385787
0.329644670050761
0.34489898989899
0.35219696969697
0.355854271356784
0.337055837563452
0.370753768844221
0.325376884422111
0.344572864321608
0.354848484848485
0.342182741116751
0.343535353535354
0.319520202020202
0.310402010050251
0.348832487309645
0.325862944162437
0.32753807106599
0.361256281407035
0.325127551020408
0.333502538071066
