-112.155 36.0717
-112.8 31.9506
-109.8925 34.8224
-109.3889 32.0097
-109.8647 33.0714
-117.7611 34.2072
-116.3906 34.0718
-116.8539 33.3089
-118.7772 36.5669
-119.0114 34.8061
-119.8581 37.7961
-105.8653 37.4414
-103.3161 38.1178
-105.5883 40.0553
-107.3411 39.4031
-106.985 38.9581
-107.7019 40.5075
-107.3006 40.0896
-105.5819 40.3642
-105.0933 39.1008
-104.7547 40.8064
-106.7903 37.4686
-107.3797 39.4272
-106.78 40.5347
-105.48 39.9939
-107.7992 37.6597
-107.6853 37.7514
-106.6764 40.5378
-105.6628 40.2878
-108.4903 37.1981
-116.8397 48.3518
-113.5547 43.4614
-115.8194 46.6278
-116.7492 43.2053
-116.0636 44.2978
-100.9164 38.6717
-107.4375 45.5686
-113.9958 48.5103
-112.0647 46.485
-105.2083 48.4886
-105.1 48.31
-113.9656 45.6917
-109.7975 48.4992
-103.3777 46.8947
-103.2642 47.6014
-100.7464 41.0592
-108.2347 33.2203
-106.2675 35.7817
-105.4706 32.9094
-106.9714 36.0408
-103.9809 36.779
-115.8522 41.2853
-119.2567 38.7992
-114.2158 39.005
-101.6175 36.5908
-117.4269 43.8994
-118.5114 45.2244
-103.4835 43.5577
-101.8552 43.9461
-102.7761 33.9578
-100.555 30.2614
-100.0469 33.9242
-104.8028 31.9083
-111.8969 41.6583
-111.0486 41.3575
-109.8217 38.455
-110.1653 38.9983
-112.1728 37.6186
-117.2839 48.8433
-117.1847 46.7606
-106.2594 41.3761
-108.85 42.7339
-109.7867 42.9289
-110.4203 44.9172
-106.2408 41.3647
-106.1908 41.3403
-108.8292 42.4947
-109.9911 43.2228
-104.1917 43.873
