0.71
0.42
0.93
1.01
1.05
0.67
0.74
0.66
0.99
0.65
0.93
1.03
0.63
1.15
1.21
1.03
1.26
1.15
1.12
0.65
0.71
0.3
0.82
0.61
0.98
0.72
0.58
0.28
0.51
0.79
1.43
0.89
1.46
1.18
0.97
1.09
1.5
1.23
0.79
0.54
NA
NA
NA
NA
NA
NA
NA
NA
NA
NA
NA
NA
NA
NA
NA
NA
NA
1.51
1.48
1.15
NA
NA
NA
NA
NA
NA
NA
NA
NA
NA
NA
NA
NA
1.19
0.83
1.05
1.26
1.14
1.32
1.05
0.67
0.84
0.73
0.87
0.91
0.7
0.76
0.61
0.87
0.7
0.77
0.98
0.91
1.38
0.76
1.16
1.26
1.3
1.01
0.85
0.63
0.96
0.98
1.1
1.89
0.72
0.72
0.4
1.3
0.49
0.48
0.89
0.92
1.33
0.8
0.71
0.62
0.73
0.58
0.39
NA
NA
NA
NA
NA
NA
NA
NA
NA
NA
NA
NA
NA
NA
0.87
0.54
0.92
0.73
0.76
0.54
0.23
0.39
0.12
NA
NA
NA
NA
NA
NA
NA
NA
NA
NA
NA
NA
NA
NA
NA
NA
NA
0.66
0.62
0.39
0.67
1.36
0.52
0.81
0.47
0.69
0.39
0.21
0.41
0.51
0.69
0.4
0.25
0.3
0.92
0.47
0.29
0.37
0.92
0.53
0.52
0.6
0.28
0.46
0.16
0.71
0.2
NA
NA
NA
NA
NA
NA
NA
NA
NA
NA
0.99
0.5
0.44
1.03
0.78
0.42
0.38
0.76
0.48
0.25
0.17
0.35
0.59
0.46
0.31
0.39
0.38
0.52
0.32
0.28
0.66
0.71
0.66
1.21
0.68
0.78
0.59
0.69
0.74
0.86
1.01
0.82
0.8
0.77
1.25
1.12
0.97
0.83
1.04
0.66
0.88
1.46
1.37
1.2
1.07
1.24
1.2
1.24
1.33
1.17
1.04
1.18
1.15
1.08
1.28
1.2
1.12
1.48
1.05
1.11
0.91
0.7
0.57
0.87
1.02
0.96
1.19
0.77
0.85
0.86
0.88
0.85
0.87
0.89
1.01
1.15
1.33
1.09
1.1
0.82
NA
NA
0.6
0.7
0.7
0.67
0.65
0.61
0.77
0.64
0.64
0.63
0.66
0.9
0.8
0.79
0.74
0.8
0.65
0.46
NA
NA
NA
NA
NA
NA
NA
NA
NA
NA
NA
NA
NA
0.86
0.73
0.85
0.99
0.64
0.59
0.55
0.61
0.87
0.98
1.46
1.22
1
1.06
0.88
1.14
0.82
0.9
0.85
0.94
1.24
1
1.16
1.2
1.54
1.25
0.78
NA
NA
NA
NA
NA
NA
NA
NA
NA
NA
NA
NA
NA
NA
NA
NA
NA
0.91
0.7
0.58
0.94
0.6
0.94
1.1
0.98
1.01
1.06
0.88
1.29
1.03
1.06
0.94
1.16
1.04
1.09
1.24
1.38
1.16
1.27
0.89
1.32
1.17
1.45
1.39
1.43
1.22
1.34
1.27
1.54
1.11
1.52
1.29
1.47
1.16
1.4
1.72
1.61
1.62
1.6
1.44
1.48
1.55
1.14
1.07
1.49
1.27
1.06
1.15
1.3
1.29
1.57
1.44
1.79
1.22
1.83
1.72
1.89
1.55
1.82
1.24
NA
NA
NA
NA
NA
NA
0.54
0.63
0.61
0.69
0.77
0.79
0.62
0.68
0.88
0.77
0.95
0.65
0.71
0.62
NA
NA
0.76
0.69
0.72
0.63
0.86
0.59
0.68
0.6
0.59
0.62
0.62
0.84
0.79
0.7
0.76
0.78
0.61
0.54
0.7
0.81
0.9
1
1.08
0.79
0.99
0.87
0.97
0.78
0.73
0.75
0.96
0.85
0.93
0.86
1.06
0.87
0.91
0.54
1.09
0.99
0.96
1.19
1.53
1.21
1.17
1.24
1.48
1.03
0.97
1.13
1.36
1.17
1.13
1.39
1.35
1.21
1.09
1.04
0.47
0.68
0.65
0.78
NA
NA
NA
NA
NA
NA
NA
NA
NA
NA
NA
NA
NA
NA
NA
NA
0.52
0.68
0.6
1
0.65
0.68
0.55
0.7
0.77
0.63
0.59
0.78
0.63
0.74
0.79
0.81
0.96
0.66
0.68
0.62
0.42
0.63
0.68
0.73
0.89
0.66
0.68
0.64
0.72
0.67
0.7
0.57
0.8
0.77
0.81
0.76
0.87
0.68
0.7
0.6
0.71
0.6
0.55
0.7
0.8
0.71
0.74
0.71
0.89
0.58
0.67
0.64
0.79
0.96
0.8
0.94
0.89
0.78
0.8
0.67
0.72
0.95
1.04
1.29
1.2
0.89
0.87
0.74
1.1
0.87
1.21
0.96
0.91
1.36
1.43
1.26
1.05
0.85
0.98
0.93
NA
NA
NA
NA
NA
NA
NA
NA
NA
NA
NA
NA
NA
NA
NA
NA
NA
0.42
0.53
0.41
1.08
0.77
0.44
0.79
0.61
0.72
0.78
0.61
0.89
0.66
0.42
0.69
0.71
0.66
0.82
0.63
0.83
0.62
0.79
0.46
0.29
0.35
0.25
0.35
0.25
0.43
NA
NA
NA
NA
NA
NA
NA
NA
NA
NA
NA
NA
NA
NA
0.3
0.69
0.38
0.5
0.64
0.56
0.84
0.59
0.68
0.46
0.3
0.52
0.46
0.39
0.59
0.56
0.54
0.57
0.63
0.41
0.36
0.4
0.27
0.37
0.42
0.36
0.36
0.36
0.48
0.35
0.29
0.36
0.41
0.34
0.46
0.36
0.52
0.31
0.5
0.4
1.01
1.21
1.33
1.1
1.22
1.28
1.12
1.5
1.49
1.38
1.2
1.18
1.41
1.25
1.21
1.41
1.6
1.35
1.01
1.04
0.64
0.71
0.57
0.73
0.81
0.71
0.67
0.68
0.73
0.63
0.84
0.92
0.92
0.79
0.8
0.84
0.99
0.71
0.72
0.68
0.34
0.38
0.33
0.35
0.36
0.39
0.42
0.39
0.46
0.32
0.35
0.48
0.37
0.35
0.46
0.44
0.48
0.49
0.42
0.34
0.42
0.53
0.35
0.65
0.58
0.44
0.47
0.49
0.52
0.55
0.5
0.59
0.56
0.61
0.55
0.69
0.64
0.6
0.53
0.54
0.63
1.15
0.86
1.03
1.04
0.83
1.14
0.58
1.1
0.92
0.83
0.82
0.9
NA
NA
NA
NA
NA
NA
NA
NA
NA
NA
NA
NA
NA
NA
NA
NA
NA
NA
NA
NA
NA
0.99
0.95
1.22
0.73
0.95
0.87
NA
NA
NA
NA
0.19
0.22
0.29
0.26
0.27
0.2
0.16
0.21
0.23
0.17
0.24
0.21
0.26
0.18
0.24
0.32
0.43
0.75
0.72
0.67
0.77
0.8
0.66
0.67
0.89
0.62
0.78
0.8
0.68
0.65
0.84
1.01
0.68
0.79
0.65
0.75
NA
NA
NA
NA
NA
NA
NA
NA
NA
NA
NA
NA
NA
NA
NA
0.96
1.35
1.04
0.75
0.86
0.59
0.65
0.83
0.85
0.88
0.91
0.82
0.75
1
0.93
0.97
1.15
0.91
0.9
1.03
NA
NA
NA
NA
NA
1
1.14
0.84
1.15
1.19
1.06
0.97
1.1
1.27
1.25
1.04
1.25
1.69
1.32
1.41
1.3
1.53
1.53
1.21
1.45
0.6
0.86
0.76
0.81
0.8
0.58
0.61
0.7
0.75
0.73
0.88
0.84
0.78
1.06
0.79
1.19
1.32
1.2
0.82
0.61
0.71
1.07
0.78
1.07
0.78
0.75
0.76
0.76
0.86
1.04
0.72
1.06
0.62
1.08
0.99
1.42
1.32
1.22
1.04
0.76
0.57
0.69
0.74
0.75
0.73
0.62
0.8
0.78
0.94
0.91
0.87
0.82
0.97
0.93
1.19
1.15
0.95
1.02
0.62
0.67
0.79
0.87
0.93
1.03
0.89
0.82
1.01
0.68
0.95
1.11
1.29
1.16
0.88
1.24
0.66
NA
NA
NA
NA
NA
0.58
0.88
0.68
0.91
0.84
0.79
0.98
0.92
1.02
0.87
1.09
0.96
0.75
0.94
1.25
1.39
0.97
1.46
1.01
0.96
0.44
0.46
0.59
0.69
0.69
0.88
0.6
0.48
0.85
0.7
0.43
0.97
NA
NA
NA
NA
NA
NA
NA
NA
0.49
0.66
0.89
0.73
1.12
0.45
1.27
0.47
0.63
0.52
0.5
0.62
0.54
0.78
0.72
0.51
0.6
1.17
0.4
0.23
1.05
0.77
1.22
1.32
1.24
0.94
1.23
1.01
1.05
0.76
0.91
1.09
0.93
1.36
1.19
0.97
0.94
0.87
0.91
0.8
1.27
1.26
1.39
1.23
1.35
1.14
1.22
1.25
1.69
1.1
1.25
1.53
0.89
1.05
1.18
1.51
1.28
1.35
0.99
1.15
0.53
0.79
0.53
0.69
0.78
0.61
0.83
0.72
NA
NA
NA
NA
NA
NA
NA
NA
NA
NA
NA
NA
0.18
0.36
0.18
0.32
0.32
0.29
0.42
0.34
0.32
0.21
0.19
0.26
0.35
0.19
0.34
0.3
0.27
0.28
0.28
0.26
NA
NA
NA
NA
NA
NA
NA
NA
NA
NA
NA
NA
NA
NA
NA
NA
1.4
1.01
1.29
1.15
0.97
1.1
0.69
1.04
1.17
0.9
0.93
1.02
1.16
0.99
0.88
1.06
0.89
1.14
1.32
1.2
1.02
1.47
1.22
0.96
0.89
0.97
0.81
1.28
1.04
0.8
0.93
1.33
1.48
1.27
1.32
1.1
0.86
1.02
1.24
1.23
0.84
1.45
0.69
1.08
0.43
0.71
0.57
0.78
0.73
0.77
0.75
0.69
0.75
1.02
0.79
0.85
0.6
0.78
0.64
0.76
0.78
0.65
0.67
0.86
NA
NA
NA
NA
NA
NA
0.67
1.05
0.95
0.93
NA
NA
NA
NA
NA
NA
NA
NA
NA
NA
0.47
0.72
0.77
0.9
0.62
0.54
0.94
0.85
1.12
0.88
0.73
0.89
0.96
1.13
1
1.47
0.99
0.83
0.63
0.76
0.71
1.03
0.89
0.82
1.02
0.91
0.95
1.12
1.15
1.07
0.81
1.05
0.97
1.06
1.06
0.94
1.13
0.78
0.82
0.73
0.78
0.89
0.95
1.02
1.48
1.11
1.25
1.32
1.43
1.22
1.22
1.27
1.11
1.23
0.82
1.1
1.2
1.16
0.8
1.09
NA
NA
NA
NA
NA
NA
NA
NA
NA
NA
NA
0.77
0.82
1.08
1.42
1.24
1.42
1.39
1.47
0.76
1.19
1.27
1.75
2.13
2.02
1.42
1.5
1.33
1.35
1.42
1.49
1.61
0.97
1.46
1.71
1.48
1.5
1.2
1.32
1.06
0.54
0.67
0.88
1.06
0.95
0.91
0.7
0.75
0.88
0.66
0.98
0.95
0.7
0.93
1.01
1.15
1.05
0.95
0.61
0.84
0.35
0.57
NA
NA
NA
NA
NA
NA
NA
NA
NA
NA
NA
NA
NA
NA
NA
NA
NA
NA
0.37
0.48
0.42
0.52
0.44
0.51
0.48
0.59
0.46
0.36
0.31
0.42
0.52
0.41
0.48
0.52
0.6
0.39
0.58
0.33
0.52
0.63
0.51
0.77
0.76
0.67
0.86
0.59
0.71
0.62
0.8
0.75
0.73
0.86
0.82
1.05
0.94
0.84
0.89
0.54
0.55
0.6
0.62
0.57
0.72
0.56
0.62
0.53
0.52
0.49
0.55
0.58
0.62
0.55
0.56
0.89
0.87
0.49
0.61
0.8
0.59
0.72
0.61
0.92
0.76
0.75
0.92
0.77
1.21
0.7
0.75
0.78
0.75
0.79
0.85
1.25
0.97
0.9
0.73
0.84
0.42
0.28
0.28
0.59
0.72
0.6
0.53
0.5
0.64
0.48
0.42
0.59
0.5
0.6
0.64
0.56
0.7
0.65
0.63
0.48
NA
NA
NA
NA
NA
NA
0.54
0.63
0.68
0.56
0.54
0.67
0.56
0.69
0.59
0.77
0.81
0.71
0.65
0.47
0.46
0.79
0.59
0.89
0.8
0.79
0.91
NA
NA
NA
NA
NA
NA
NA
NA
NA
NA
NA
NA
NA
0.86
0.69
0.6
0.61
0.8
0.62
0.75
0.69
0.83
0.69
0.68
0.85
0.92
0.79
0.7
0.82
0.95
0.73
0.72
0.85
0.57
0.53
0.53
0.62
0.65
0.79
0.74
0.54
0.81
0.51
0.49
0.79
0.58
0.52
0.57
0.64
0.95
0.65
0.55
0.62
0.8
0.8
1.02
1.14
1.04
0.88
0.79
0.88
0.92
1.11
1
0.84
0.78
0.98
1.17
1.19
1.33
1.02
1.19
0.88
