0.0588212953050266 0.0838761104914856 0.00712861902585408 0.030118513830592 0.00783504578390249
8 2 2 0.255443161806841 0.325483026826402 4.67582835401799e-06 0.00110485666056728 -6.02439452934356e-05
12 2 2 0.270781340340599 0.264952601419308 0.0921432637614084 7.24487852471938e-07 -8.29127108596259e-05
3 2 2 0.0914415849996159 0.218964033962256 1.01875049216568 6.82911497012227e-07 0.000369538031759587
17 2 2 0.0146363494221146 0.21852560176326 0.857045780878548 4.11907560702942e-07 0.000352993588656439
16 2 2 0.0291429284549346 0.21770612516485 0.760005309783565 1.79024518501479e-06 -0.000678052614040119
13 2 2 0.0146453796096355 0.216997110784308 0.858246619540005 4.97511439366487e-07 0.000363268135519419
9 2 2 -0.0751138830629453 0.269207120020985 1.1908305951822 1.31431765013701e-07 -0.000276267860820354
5 2 2 -0.020048167173676 0.220042523495249 0.583681320348502 1.82803476105572e-06 -0.000608192140278097
14 2 2 -0.00120434360988156 0.219444918290586 0.735321017098613 4.01373689629033e-07 -0.000238131646424179
7 2 2 0.27710188511463 0.31097520569753 1.2054655224654e-05 0.00175742241506188 0.000134243450871162
11 2 2 -0.30789903476976 0.237626464787982 0.921930500586235 0.000265049748219571 0.0129787261523722
2 2 2 0.0387860582332231 0.257143302927064 0.53421659889938 4.60597211568508e-05 -0.00480545114873791
18 2 2 -0.120919189826659 0.216667290480732 2.44185279795341 7.36162249946962e-08 3.69346165209221e-05
6 2 2 0.00884404508563755 0.269129474656553 0.435024240496904 1.70717003327817e-06 -0.000786281804816733

0.0588212953050266 0.0838761104914856 0.00712861902585408 0.030118513830592 0.00783504578390249
17 2 2 0.304607782096171 0.2849791957236 9.75153339480258e-06 0.000150059400891437 -3.81201942458663e-05
11 2 2 0.284629473732419 0.277736194857604 0.000344394941351037 1.95730044191415e-05 -5.67228900906905e-05
1 2 2 0.273697075260178 0.27384681954066 0.000429552753158446 0.000568683672424324 0.000226328362699648
6 2 2 0.299987662774889 0.302032051089657 4.70283381281625e-05 0.00024293847482843 -3.06350877300504e-05
8 2 2 0.28359013325479 0.280847302827238 0.000262031427816909 4.64375757704698e-05 -8.87092645559909e-05
12 2 2 0.285848301250445 0.282511992874643 0.000412092757653017 3.13717577034756e-05 -0.000113335869411989
13 2 2 0.292002906425158 0.295922667656084 6.72266603397998e-05 0.000320585047888791 -0.000131468816637347
19 2 2 0.326797244675557 0.320134513328891 0.000107879026683942 0.000379359573536106 0.000193890748141962
2 2 2 0.289451770970767 0.300232075903869 7.09071979656484e-06 1.455394784776e-05 -9.94381644324718e-06
3 2 2 0.306032765318711 0.291989079290076 0.000263379687103904 0.000630758339238288 -0.000391696833652734
9 2 2 0.287865474201632 0.32895926312451 2.86916717948251e-09 0.000310285881533911 -8.98140917207578e-07
18 2 2 0.298761396234313 0.294495765567886 4.33229058858642e-05 8.58192128440248e-05 5.10553573058756e-05
7 2 2 0.278831284051392 0.29984534043733 3.83672912305864e-05 0.000389645058804325 -2.67902029135453e-05
15 2 2 0.28062531481765 0.284693755049686 3.29831863853784e-05 1.61361391662508e-06 6.19917114680688e-06
16 2 2 0.278236319991859 0.309902082567878 3.66022347543489e-07 0.000534865069148206 1.39752495314512e-05
4 2 2 0.297477086502219 0.280469999586708 0.000185259364315334 4.76962120494058e-05 -8.29758654322211e-05
5 2 2 0.277904960254363 0.286522836891434 2.41892145277784e-05 2.60415641831902e-08 5.72336437459219e-07
10 2 2 0.229255631370535 0.28325182105713 4.55657129398738e-07 0.000610329694473587 1.65502264711704e-05
14 2 2 0.284762784889304 0.27878534247002 8.62245169214472e-08 4.84111608086043e-05 1.32024031942796e-06
25 2 2 0.285199994909849 0.275043067997016 0.000409889783349687 0.000228600852997716 -0.000183285617259193
22 2 2 0.291901479053786 0.291145818416251 0.000215932829762853 0.000251118134061882 -0.000229978602564877
20 2 2 0.284047597235592 0.264619408367668 1.19561662037052e-06 0.000192079795083202 4.30872275309003e-06
21 2 2 0.289239783013424 0.279090235948978 0.000483825230044091 6.88939526677735e-06 -5.6715150259906e-05
24 2 2 0.272858909152036 0.278808257432047 0.000400076975561105 2.6057865736942e-05 -8.72555795691303e-05

0.0588212953050266 0.0838761104914856 0.00712861902585408 0.030118513830592 0.00783504578390249
1 2 2 0.273697075260178 0.27384681954066 0.000429552753158446 0.000568683672424324 0.000226328362699648
2 2 2 0.289451770970767 0.300232075903869 7.09071979656484e-06 1.455394784776e-05 -9.94381644324718e-06
3 2 2 0.306032765318711 0.291989079290076 0.000263379687103904 0.000630758339238288 -0.000391696833652734
4 2 2 0.297477086502219 0.280469999586708 0.000185259364315334 4.76962120494058e-05 -8.29758654322211e-05
6 2 2 0.299987662774889 0.302032051089657 4.70283381281625e-05 0.00024293847482843 -3.06350877300504e-05
5 2 2 0.277904960254363 0.286522836891434 2.41892145277784e-05 2.60415641831902e-08 5.72336437459219e-07
11 2 2 0.284629473732419 0.277736194857604 0.000344394941351037 1.95730044191415e-05 -5.67228900906905e-05
8 2 2 0.28359013325479 0.280847302827238 0.000262031427816909 4.64375757704698e-05 -8.87092645559909e-05
12 2 2 0.285848301250445 0.282511992874643 0.000412092757653017 3.13717577034756e-05 -0.000113335869411989
13 2 2 0.292002906425158 0.295922667656084 6.72266603397998e-05 0.000320585047888791 -0.000131468816637347
7 2 2 0.278831284051392 0.29984534043733 3.83672912305864e-05 0.000389645058804325 -2.67902029135453e-05
9 2 2 0.287865474201632 0.32895926312451 2.86916717948251e-09 0.000310285881533911 -8.98140917207578e-07
17 2 2 0.304607782096171 0.2849791957236 9.75153339480258e-06 0.000150059400891437 -3.81201942458663e-05
19 2 2 0.326797244675557 0.320134513328891 0.000107879026683942 0.000379359573536106 0.000193890748141962
20 2 2 0.284047597235592 0.264619408367668 1.19561662037052e-06 0.000192079795083202 4.30872275309003e-06
15 2 2 0.28062531481765 0.284693755049686 3.29831863853784e-05 1.61361391662508e-06 6.19917114680688e-06
16 2 2 0.278236319991859 0.309902082567878 3.66022347543489e-07 0.000534865069148206 1.39752495314512e-05
18 2 2 0.298761396234313 0.294495765567886 4.33229058858642e-05 8.58192128440248e-05 5.10553573058756e-05
10 2 2 0.229255631370535 0.28325182105713 4.55657129398738e-07 0.000610329694473587 1.65502264711704e-05
21 2 2 0.289239783013424 0.279090235948978 0.000483825230044091 6.88939526677735e-06 -5.6715150259906e-05
1 2 3 113.242818299415 151.407013294706 62.5784731609048 8556.47913252793 699.296649652492
22 2 2 0.291901479053786 0.291145818416251 0.000215932829762853 0.000251118134061882 -0.000229978602564877
2 2 3 230.790728246261 258.708495525197 2427.72677967305 109456.003483016 7129.73379074148
3 2 3 89.7873922097232 120.689640048692 38.1139898516143 5423.90701036741 434.292920999748
14 2 2 0.284762784889304 0.27878534247002 8.62245169214472e-08 4.84111608086043e-05 1.32024031942796e-06
25 2 2 0.285199994909849 0.275043067997016 0.000409889783349687 0.000228600852997716 -0.000183285617259193
7 2 3 55.3543528290607 64.3343458071967 188.918998261204 6591.92486846487 496.933935779904
4 2 3 230.790728246261 258.708495525197 2427.72677967305 109456.003483016 7129.73379074148
6 2 3 242.072563591048 271.06906632332 2654.47261194725 120367.045799104 7768.77543866707
8 2 3 55.3543528290607 64.3343458071967 188.918998261204 6591.92486846487 496.933935779904
24 2 2 0.272858909152036 0.278808257432047 0.000400076975561105 2.6057865736942e-05 -8.72555795691303e-05
5 2 3 110.962387808086 131.125719577547 1744.69733858353 24339.4300652584 3122.4849725649
11 2 3 55.3543528290607 64.3343458071967 188.918998261204 6591.92486846487 496.933935779904
23 2 2 0.325499266583534 0.287935675980739 0.00027865348720471 0.00016907213948759 -0.000130582351340213
9 2 3 210.287840727748 235.809862153582 2015.54289420715 90968.8175684684 5914.83780986779
12 2 3 230.790728246261 258.708495525197 2427.72677967305 109456.003483016 7129.73379074148
13 2 3 89.7873922097232 120.689640048692 38.1139898516143 5423.90701036741 434.292920999748
10 2 3 210.287840727748 235.809862153582 2015.54289420715 90968.8175684684 5914.83780986779
16 2 3 89.7873922097232 120.689640048692 38.1139898516143 5423.90701036741 434.292920999748
18 2 3 113.242818299415 151.407013294706 62.5784731609048 8556.47913252793 699.296649652492
15 2 3 196.736076529772 220.7209505213 1754.01416270762 79782.5482083545 5167.92256494341
19 2 3 89.7873922097232 120.689640048692 38.1139898516143 5423.90701036741 434.292920999748
17 2 3 268.996427590142 313.812527475596 1897.31631610112 75633.729195922 10443.6972725753
21 2 3 55.3543528290607 64.3343458071967 188.918998261204 6591.92486846487 496.933935779904
20 2 3 315.672917227252 353.065857559137 4495.81970134744 204496.660194937 13189.2652999309
23 2 3 89.7873922097232 120.689640048692 38.1139898516143 5423.90701036741 434.292920999748
22 2 3 230.790728246261 258.708495525197 2427.72677967305 109456.003483016 7129.73379074148
24 2 3 55.3543528290607 64.3343458071967 188.918998261204 6591.92486846487 496.933935779904
25 2 3 67.9607853593104 80.2660997562731 651.83520258282 9073.03398252834 1164.04472588416
14 2 3 90.6875502979244 111.676788261001 1303.47291144358 15348.5626392979 2107.82830850365
3 2 1 0.0160407187961455 0.00621833871457424 0.0142279954569522 0.0131447320241277 0.0136284195692308
1 2 1 0.0597410542167092 0.0472189642952916 8.53195785054205e-07 0.0349321626603403 -9.62615723543176e-05
6 2 1 -0.00595784841537821 -0.0235765597069223 0.0105142609015605 0.0151970543746848 0.0126406376615403
8 2 1 0.1074925802855 -0.0586379269767844 0.00606884820697474 0.00923497916293295 0.00634294844411831
11 2 1 0.0708497618634136 -0.0690232745131887 0.00709276635432842 0.0160977464603177 0.00947180771754772
9 2 1 0.108507293685372 0.021036273997218 3.39841701053889e-07 0.0225783167469561 6.45169833432792e-05
13 2 1 0.0103564689435897 0.00773078692379068 0.0152803989304701 0.0146252711429707 0.01493374307848
4 2 1 0.0594351901691623 -0.0407006500519549 0.0174260452658728 0.0172148546532935 0.0108525123420295
7 2 1 0.0997253005400595 0.00238684329264972 0.000147907224337271 0.0171039708859421 -0.00083453638412284
10 2 1 0.0559283817133089 -0.0872927696499692 0.00830576977854579 0.00966111909916651 0.00360891314051232
16 2 1 -0.00497850081067975 0.0236446196004073 0.0141981237157166 0.0161666576984513 0.0151208757709886
2 2 1 0.0755294163239957 -0.107756167977099 0.021818981706915 3.62643002375142e-07 -7.69383880940101e-05
17 2 1 -0.0346520337760172 -0.0837436965477648 0.0107560949167178 0.0117588113982152 0.00578982506443985
15 2 1 -0.00509483312821481 0.0155599938157649 0.0148764028982063 0.0147262747892117 0.0147523893550492
18 2 1 0.108060475388423 0.0073697327668874 1.8657451600699e-07 0.0230883507406195 5.28175620866562e-05
19 2 1 0.0685905043579127 -0.00202853386287738 0.00959578417516903 0.0145527711807443 0.00739583866513238
5 2 1 0.0984200736351233 -0.0224092064703953 0.000275651258655678 0.0152763063359508 0.00194962793112026
21 2 1 0.0913457419195152 -0.00286398459611187 0.000487513691087945 0.023276217205572 0.00287076964951482
14 2 1 0.106729902503234 -0.0982134401224032 1.05961631920695e-06 0.00863858826995677 7.48697179519842e-05
12 2 1 0.108018001093394 0.0395800371801454 1.08536069279617e-07 0.0172067211164722 4.1976100795667e-05
20 2 1 0.107798380944306 -0.0400829747471719 6.09076903277424e-10 0.0149684106729315 2.54142254868516e-06
22 2 1 0.108006836090909 -0.00109258062026014 3.97383325010104e-07 0.0207037371738958 8.3655327926044e-05
24 2 1 -0.0492214742607994 -0.0221778317965805 0.0131451819779496 0.0141928773957378 0.0120700215907982
23 2 1 0.0773625768464606 0.154372324901455 0.000726688858888019 0.000787101056641438 2.69527001237331e-05
3 1 1 0.0737799725759043 0.00884380262204929 2.12607859614334e-06 0.018379745427756 -0.000162272846746046
25 2 1 -0.0229410674931872 0.00362080572212676 0.00575516391271378 0.018849098373586 0.0103999714824379
5 1 1 0.0756227401552364 -0.0533167103971857 0.000116828288342293 0.0113817332850632 -0.000904075445796353
8 1 1 0.0132795451975431 0.036535088782025 0.00288663592196945 0.042478013005339 0.00804095973572915
4 1 1 0.0736892753476317 -0.0519604999952331 0.000414004408253025 0.0161969885399059 0.00195720485805633
10 1 1 0.0669323668027699 -0.0721615012124386 0.00199982328050645 0.00628982063337812 0.00341626637349017
2 1 1 0.0991952970414842 -0.0688328975555958 0.000350803835912448 0.00728446003621678 -0.000180727897693008
9 1 1 0.0154187416088108 -0.0251252247326172 0.013316422460307 0.0118866000658483 0.0117528948913788
6 1 1 0.0618206077225323 0.105521679538251 1.15436229965594e-06 0.0126007919158414 -0.000114155866675872
7 1 1 0.0747966106281306 -0.0516074419569776 0.0049408076811121 0.00830577897153465 0.00177822767717072
1 1 1 0.012613561247712 -0.00227002526793797 0.00259238595133933 0.0247748714383989 0.00438248556481257
11 1 1 0.0866333361223484 -0.0433661876384842 0.00012031482682837 0.0104480302636465 -0.000900267493263823
12 1 1 0.0489243511893475 0.0121965792571957 0.00256908706765184 0.0307004923255659 0.00700327049768479
13 1 1 0.0589633961384675 0.0278183627781364 6.08213316202943e-09 0.0294243875760019 1.00835761053957e-05
14 1 1 0.0613605022391486 -0.0999535699256553 0.000905936305536997 0.00890242725532664 0.000934137076379194
