0.160388
0.408747
0.355570
0.502036
0.412325
-0.029262
-0.137292
-0.019657
-0.205732
-0.107321
0.193951
0.422433
0.584029
0.637684
0.852600
1.012014
0.997843
0.655447
0.639464
0.667583
0.319234
-0.190890
-0.594683
-0.681480
-0.557689
-0.310431
0.163106
0.529803
0.385949
-0.267298
-0.631059
-0.645330
-0.676345
-0.507312
-0.676920
-0.016740
0.446042
0.489503
0.312893
0.404270
-0.134418
-0.194210
-0.043241
-0.323025
-0.222926
0.065781
0.419786
0.527131
0.650758
0.846826
1.061347
1.059772
0.926146
0.887499
0.735846
0.089457
-0.282983
-0.300121
-0.326935
-0.261608
-0.095088
0.266098
0.490278
0.510476
0.260412
-0.163531
-0.203483
-0.326984
-0.456297
-0.440900
-0.042683
0.295943
0.212142
0.164257
-0.294645
-0.533403
-0.373933
-0.202658
-0.224552
-0.208946
0.046364
0.282517
0.481634
0.647786
0.809670
1.065918
1.256988
1.260714
0.944480
0.583985
-0.200344
-0.401946
-0.255519
-0.178299
0.095132
0.189167
0.308905
0.409234
0.490279
0.471760
0.293572
0.083827
-0.092648
-0.161797
-0.281970
-0.074600
0.076008
-0.090054
-0.352186
-0.629707
-0.485824
-0.360246
-0.353716
-0.315439
-0.240326
0.010936
0.194048
0.408359
0.648054
0.914637
1.156574
1.495289
1.289718
0.642644
0.286502
-0.465177
-0.458725
-0.122601
0.089689
0.255463
0.227227
0.308011
0.413277
0.548697
0.428202
0.284720
0.132371
0.043266
-0.030147
-0.058829
-0.205378
-0.098117
-0.279612
-0.621371
-0.585128
-0.481699
-0.391623
-0.335646
-0.418426
-0.289468
-0.020607
0.154403
0.368749
0.663000
0.930864
1.059133
1.183172
0.901172
0.328258
0.049255
-0.609123
-0.470421
-0.064695
0.173754
0.256022
0.167453
0.224584
0.379373
0.672564
0.521818
0.298615
0.187135
0.167112
0.141467
0.113007
-0.295350
-0.402176
-0.616696
-0.800653
-0.737724
-0.665777
-0.600757
-0.360508
-0.572227
-0.426493
-0.098340
0.053056
0.387967
0.622525
0.767853
0.843482
0.852527
0.515240
0.060638
-0.192719
-0.693039
-0.436480
-0.020236
0.234163
0.228647
0.049920
0.039289
0.205054
0.639750
0.681506
0.464097
0.226192
0.177827
0.175737
0.198979
-0.068903
-0.286242
-0.666216
-0.861278
-0.845354
-0.807850
-0.701421
-0.541903
-0.664164
-0.467925
-0.148028
-0.090759
0.069407
0.384117
0.557794
0.688157
0.691045
0.436086
0.203772
-0.463441
-0.867992
-0.420066
0.073406
0.294553
0.180445
-0.055948
-0.082712
0.045491
0.472339
0.775603
0.608331
0.314795
0.192172
0.196086
0.266068
0.026701
-0.033516
-0.364191
-0.510842
-0.491318
-0.478441
-0.434922
-0.389478
-0.210585
-0.116847
-0.025808
-0.014632
-0.104030
0.156340
0.345606
0.559337
0.594155
0.309730
0.020352
-0.843022
-0.971547
-0.368454
0.131529
0.365751
0.186283
-0.057881
-0.048633
0.121980
0.451994
0.609381
0.571094
0.304948
0.161961
0.191916
0.221742
0.209138
0.416746
0.536480
0.449015
0.170163
-0.031721
-0.165514
-0.242296
-0.040423
-0.058457
-0.107362
0.016671
0.041339
0.144657
0.261774
0.489182
0.640710
0.249030
-0.254941
-0.800621
-0.618841
-0.308352
0.159559
0.387820
0.210387
0.016467
0.146925
0.364522
0.472038
0.449118
0.391980
0.216848
0.115939
0.114059
0.099848
0.007457
0.261920
0.490077
0.953619
1.108843
0.799056
0.401240
0.058623
0.025857
-0.164736
-0.169096
0.041404
0.131367
0.138859
0.254781
0.520093
0.728572
0.272660
-0.357105
-0.620246
-0.328910
-0.258667
0.086452
0.406752
0.248463
0.143623
0.279844
0.451845
0.472283
0.380802
0.268037
0.116131
0.051221
0.047614
0.010790
-0.029913
0.204981
0.329258
0.575499
1.210601
1.164145
0.656983
0.134200
0.082761
0.009240
-0.159084
-0.026862
0.042157
0.111881
0.297183
0.557537
0.625902
0.206065
-0.409227
-0.541608
-0.407414
-0.341389
-0.015314
0.438276
0.261329
0.171197
0.242920
0.386627
0.404114
0.303083
0.200703
0.026369
-0.033707
0.015214
0.002540
-0.016992
-0.054873
-0.095927
0.064913
0.463113
0.529214
0.340071
0.233306
0.226486
0.072560
-0.141066
-0.173693
-0.032298
0.091784
0.213111
0.432513
0.501972
0.280020
-0.276462
-0.608763
-0.569796
-0.436311
-0.106243
0.437496
0.280199
0.157852
0.214381
0.291991
0.319218
0.235394
0.140935
-0.017591
-0.051710
-0.009300
0.002430
-0.022342
-0.166036
-0.441229
-0.506838
-0.340707
-0.005751
0.201010
0.341962
0.445329
0.218527
-0.163936
-0.243867
-0.042746
-0.035878
0.080313
0.217562
0.277713
0.158638
-0.352102
-0.721208
-0.676296
-0.499476
-0.171633
0.339960
0.262399
0.149999
0.189499
0.258032
0.264433
0.214444
0.092949
0.013614
0.033736
0.037848
0.019239
-0.254024
-0.107988
-0.459296
-0.573199
-0.604187
-0.441477
-0.072849
0.186302
0.319123
0.027561
-0.229166
-0.339473
-0.075242
-0.124116
-0.035704
0.096216
0.117419
-0.012576
-0.504044
-0.799780
-0.731980
-0.538918
-0.222750
0.261155
0.204841
0.098458
0.173985
0.214698
0.212446
0.195573
0.069464
0.066508
0.096415
0.102872
0.114271
-0.405095
-0.380624
-0.556896
-0.604115
-0.756536
-0.827286
-0.026067
0.159186
0.354938
0.012489
-0.156878
-0.421011
-0.345219
-0.317300
-0.255424
-0.038265
-0.030361
-0.180555
-0.651528
-0.856340
-0.749590
-0.561957
-0.285698
0.159173
0.131641
0.008673
0.107926
0.226269
0.264541
0.178844
0.117642
0.074842
0.112054
0.117804
0.156133
-0.507149
-0.710358
-0.954588
-0.959316
-0.876235
-0.859862
-0.291229
0.055995
0.200129
0.048836
-0.026105
-0.424681
-0.688095
-0.480126
-0.398868
-0.272146
-0.184748
-0.278515
-0.681267
-0.850240
-0.747436
-0.586614
-0.351301
0.061915
0.086952
-0.076294
0.024863
0.149356
0.189591
0.191738
0.147190
0.104729
0.099030
0.112615
0.133968
-0.633722
-0.899086
-1.214540
-1.173332
-1.108578
-0.964855
-0.707062
-0.540399
-0.479605
-0.524449
-0.492171
-0.480483
-0.769457
-0.774947
-0.519021
-0.324241
-0.314137
-0.448805
-0.772487
-0.847343
-0.721650
-0.590877
-0.380860
-0.002407
0.135724
-0.054887
0.029534
0.129698
0.132776
0.160014
0.112830
0.086573
0.063614
0.058916
0.063715
-0.730866
-0.924630
-1.237886
-1.306845
-1.268709
-1.115914
-0.953169
-0.863645
-0.863723
-0.806864
-0.709157
-0.726277
-0.765803
-0.839348
-0.721180
-0.448473
-0.517529
-0.749348
-0.896476
-0.870650
-0.706938
-0.583863
-0.368042
-0.052563
0.163966
-0.011557
0.013423
0.145999
0.110785
0.137732
0.097186
0.062964
0.023742
-0.007758
-0.034568
-0.818383
-1.027227
-1.239556
-1.300556
-1.334042
-1.290849
-1.091183
-0.829609
-0.766849
-0.496230
-0.115115
-0.111143
-0.427524
-0.453849
-0.486543
-0.504915
-0.721084
-0.928507
-1.008121
-0.912728
-0.700350
-0.576401
-0.349551
-0.060089
0.153432
-0.043339
-0.132882
0.032375
0.112062
0.106074
0.072002
0.019103
-0.030648
-0.073299
-0.094042
-1.361241
-1.334245
-1.284743
-1.242885
-1.344205
-1.323001
-1.171636
-0.906216
-0.590318
-0.138524
0.168113
-0.044611
-0.361581
-0.288880
-0.277127
-0.473288
-0.770322
-0.970432
-1.022729
-0.915467
-0.668877
-0.482866
-0.250471
-0.007715
0.168990
-0.064423
-0.205758
-0.101719
0.114813
0.101798
0.041379
-0.017852
-0.058967
-0.103524
-0.113845
-1.218766
-1.249183
-1.289763
-1.240116
-1.280253
-1.313217
-1.150933
-0.808665
-0.385487
-0.135240
0.087478
-0.143009
-0.340982
-0.286837
-0.352243
-0.761045
-1.037531
-1.085648
-1.007582
-0.909071
-0.650237
-0.343035
-0.098719
0.064688
0.170359
-0.064084
-0.249355
-0.227074
0.044673
0.090802
0.036450
0.005559
-0.039690
-0.074979
-0.089340
-0.989190
-0.888700
-0.903154
-0.957931
-1.282030
-1.348376
-1.230356
-0.887147
-0.497213
-0.132601
0.182160
0.000968
-0.306230
-0.325469
-0.441729
-0.906631
-1.143820
-1.098522
-1.022515
-0.970048
-0.695514
-0.231906
-0.009994
0.111736
0.168329
0.085942
-0.184282
-0.296989
-0.095654
-0.025137
-0.043094
-0.045993
-0.033192
-0.005725
-0.035339
-1.248477
-0.994492
-0.749305
-0.110655
-1.061416
-1.442022
-1.407792
-1.139844
-0.805025
-0.416361
-0.044195
-0.034442
-0.377881
-0.298442
-0.494426
-0.979526
-1.141226
-1.135546
-1.133806
-1.047828
-0.642249
-0.035672
0.096819
0.151012
0.221300
0.215219
0.054955
-0.135678
-0.087580
-0.127935
-0.157464
-0.092008
-0.033122
0.032899
0.034160
-1.508875
-1.142529
-0.612074
-0.302756
-0.542423
-1.147529
-1.275655
-1.242707
-0.924082
-0.516676
-0.187129
-0.033220
0.099277
0.248857
-0.101315
-0.657281
-0.933438
-1.041588
-1.104901
-0.885586
-0.298518
0.269729
0.279782
0.228142
0.257687
0.315678
0.277931
0.177251
0.127627
0.042909
0.002596
0.057312
0.114961
0.152028
0.174534
-1.590964
-1.143797
-0.770284
-0.680919
-0.574772
-0.747514
-1.015571
-1.063335
-0.822174
-0.416503
0.120977
0.366351
0.457100
0.061706
-0.446795
-0.872519
-1.090656
-1.153064
-1.028282
-0.437738
0.167727
0.453889
0.394349
0.280441
0.271829
0.376876
0.324389
0.236693
0.218902
0.187423
0.115640
0.116568
0.137574
0.137761
0.133218
-1.682862
-1.254375
-0.937154
-0.911278
-0.568675
-0.521911
-0.757034
-0.791682
-0.727174
-0.447890
0.197953
0.640540
0.255335
-0.321322
-0.775171
-1.030887
-1.057350
-1.037498
-0.683011
-0.027471
0.274391
0.481027
0.525643
0.440495
0.351853
0.375860
0.309134
0.127772
0.018289
0.091154
0.047031
-0.022405
-0.045215
-0.031727
-0.026803
-1.684248
-1.382473
-0.999778
-0.881108
-0.669230
-0.332260
-0.201604
-0.168794
-0.056393
0.134675
0.528073
0.521686
-0.004697
-0.267881
-0.464116
-0.537015
-0.422813
0.049948
0.529693
0.462086
0.384334
0.473281
0.522100
0.476067
0.366404
0.185790
-0.058646
-0.247580
-0.332405
-0.264956
-0.112926
-0.125168
-0.152801
-0.132337
-0.133627
0.115314
0.322520
0.283983
0.398675
0.335843
-0.004694
-0.080141
0.021173
-0.115125
-0.029598
0.202931
0.380198
0.498731
0.508119
0.682006
0.821643
0.794607
0.497842
0.493210
0.532126
0.255897
-0.153371
-0.489459
-0.566040
-0.460067
-0.242264
0.158400
0.445861
0.328812
-0.201382
-0.502077
-0.517118
-0.543371
-0.405997
-0.533535
-0.036921
0.344890
0.384706
0.255886
0.336693
-0.071884
-0.116702
-0.004590
-0.230740
-0.138855
0.081657
0.362032
0.451034
0.520701
0.677791
0.857914
0.837424
0.715851
0.695788
0.590296
0.070094
-0.225803
-0.235166
-0.258459
-0.199654
-0.047062
0.256222
0.420028
0.429604
0.229730
-0.116384
-0.158713
-0.266169
-0.373823
-0.352755
-0.061001
0.222084
0.159120
0.136230
-0.226104
-0.394392
-0.263230
-0.157948
-0.183249
-0.158441
0.052468
0.245395
0.401364
0.514086
0.654618
0.861332
1.005180
0.995751
0.744134
0.465613
-0.165297
-0.321409
-0.195965
-0.129632
0.105147
0.198309
0.299230
0.369323
0.423378
0.401861
0.254929
0.077621
-0.074278
-0.131709
-0.221825
-0.090471
0.046954
-0.073093
-0.279079
-0.491145
-0.360731
-0.273448
-0.294398
-0.263506
-0.193788
0.020910
0.168237
0.330986
0.513827
0.744923
0.948085
1.216832
1.035862
0.503940
0.224240
-0.381464
-0.367132
-0.089168
0.091154
0.243158
0.232599
0.302817
0.380958
0.476283
0.368176
0.247733
0.123853
0.044849
-0.019003
-0.041005
-0.202080
-0.097740
-0.230202
-0.500285
-0.459807
-0.378253
-0.320672
-0.283975
-0.346388
-0.235401
-0.010433
0.126068
0.294176
0.532695
0.764213
0.877699
0.979908
0.741436
0.257293
0.041224
-0.495052
-0.378178
-0.046632
0.153597
0.239810
0.186349
0.240767
0.356283
0.574838
0.444023
0.259854
0.167617
0.148652
0.125477
0.100208
-0.271451
-0.342079
-0.504385
-0.650837
-0.594629
-0.542506
-0.503603
-0.312436
-0.479525
-0.357064
-0.087465
0.032798
0.304800
0.504803
0.635899
0.700162
0.710763
0.434424
0.057095
-0.148927
-0.564940
-0.352319
-0.011456
0.199196
0.206399
0.089078
0.096882
0.205280
0.537372
0.568465
0.391863
0.199167
0.157739
0.153358
0.170763
-0.096478
-0.257505
-0.552407
-0.708083
-0.692600
-0.669278
-0.595136
-0.463640
-0.562213
-0.399480
-0.136594
-0.083261
0.055450
0.325947
0.471861
0.577352
0.583448
0.374227
0.183194
-0.373826
-0.717579
-0.347943
0.064880
0.247595
0.163966
0.000595
-0.020682
0.052017
0.391427
0.634919
0.503569
0.266272
0.167841
0.171092
0.225924
-0.026731
-0.059464
-0.315246
-0.428218
-0.412230
-0.407164
-0.382132
-0.344866
-0.200436
-0.117586
-0.025137
0.000089
-0.061583
0.156252
0.307747
0.477690
0.509005
0.273385
0.031252
-0.688572
-0.807506
-0.304348
0.110212
0.305320
0.174596
-0.002483
-0.014722
0.110253
0.384800
0.507715
0.475182
0.256639
0.141996
0.165642
0.187254
0.116982
0.297655
0.407401
0.358735
0.131252
-0.036069
-0.160884
-0.233576
-0.064718
-0.064512
-0.078199
0.036798
0.062994
0.147756
0.239264
0.422513
0.544044
0.214238
-0.202745
-0.652454
-0.509979
-0.247840
0.131269
0.321452
0.192343
0.042692
0.133471
0.299817
0.396367
0.379478
0.333153
0.187314
0.105008
0.100548
0.086182
-0.046176
0.167129
0.353916
0.735366
0.879011
0.639267
0.302450
0.005979
-0.018190
-0.157211
-0.141881
0.044109
0.124438
0.133156
0.228681
0.447812
0.608183
0.229511
-0.284383
-0.498493
-0.263763
-0.203273
0.069606
0.334363
0.219019
0.132484
0.228411
0.359581
0.389834
0.318023
0.229731
0.106541
0.053050
0.047307
0.013884
-0.072188
0.122900
0.220378
0.416561
0.936186
0.911678
0.496155
0.063680
0.023879
-0.023389
-0.137870
-0.021131
0.035996
0.101554
0.257168
0.474645
0.529498
0.186659
-0.319098
-0.431015
-0.327215
-0.277301
-0.018462
0.357646
0.221420
0.137818
0.186350
0.302160
0.328258
0.248986
0.169663
0.030383
-0.019624
0.015262
0.000903
-0.048932
-0.080593
-0.118573
0.005053
0.324069
0.375963
0.240684
0.150417
0.155739
0.043091
-0.119238
-0.141497
-0.026304
0.082789
0.182206
0.365691
0.427863
0.249533
-0.209560
-0.486865
-0.462921
-0.360432
-0.096299
0.350802
0.224690
0.115864
0.160847
0.228960
0.258740
0.192617
0.118141
-0.009138
-0.038753
-0.010968
-0.004163
-0.044535
-0.162281
-0.390287
-0.455483
-0.322186
-0.052256
0.139613
0.253939
0.343544
0.168008
-0.137823
-0.202622
-0.036644
-0.035317
0.062991
0.181497
0.235217
0.137483
-0.282794
-0.587235
-0.555131
-0.414930
-0.151682
0.263277
0.201610
0.108000
0.145182
0.209846
0.219890
0.177749
0.079221
0.013427
0.026407
0.028679
0.011979
-0.233189
-0.115321
-0.404283
-0.508665
-0.529720
-0.395810
-0.077647
0.140036
0.255759
0.020084
-0.194203
-0.292711
-0.077019
-0.113870
-0.036498
0.077714
0.099675
-0.007677
-0.411124
-0.654973
-0.603213
-0.447759
-0.193898
0.196951
0.152852
0.071076
0.141667
0.182263
0.181905
0.166148
0.060005
0.054905
0.076755
0.082488
0.092010
-0.361143
-0.345302
-0.494422
-0.539828
-0.652633
-0.702520
-0.033804
0.128602
0.295557
0.005726
-0.139014
-0.356232
-0.297554
-0.269750
-0.214296
-0.029701
-0.019090
-0.145063
-0.533665
-0.705708
-0.618829
-0.466670
-0.242934
0.117132
0.097720
0.004076
0.092107
0.193588
0.225833
0.150622
0.097474
0.059411
0.089720
0.095759
0.127599
-0.451480
-0.620285
-0.824329
-0.828782
-0.750104
-0.729228
-0.256263
0.038955
0.156224
0.022258
-0.047358
-0.361585
-0.570067
-0.395926
-0.326789
-0.219511
-0.143364
-0.223137
-0.559791
-0.701762
-0.618869
-0.487662
-0.295693
0.037627
0.060568
-0.067601
0.021561
0.126247
0.158459
0.159483
0.120323
0.084854
0.080569
0.092378
0.110335
-0.561491
-0.777617
-1.033281
-0.996550
-0.935833
-0.818817
-0.601981
-0.461978
-0.414684
-0.451451
-0.425305
-0.409921
-0.634134
-0.635056
-0.424058
-0.260386
-0.246612
-0.365155
-0.639136
-0.701181
-0.598524
-0.491875
-0.319294
-0.015371
0.095115
-0.054520
0.020808
0.108096
0.110724
0.131711
0.090732
0.068615
0.050750
0.048437
0.051673
-0.640867
-0.801041
-1.055354
-1.105924
-1.069288
-0.945890
-0.807243
-0.731244
-0.729860
-0.680373
-0.593808
-0.597662
-0.623075
-0.681597
-0.580551
-0.350671
-0.412458
-0.618286
-0.744212
-0.722141
-0.586544
-0.485369
-0.308551
-0.054323
0.115531
-0.022940
0.004381
0.119089
0.092194
0.112939
0.076785
0.048172
0.015776
-0.009135
-0.032382
-0.714270
-0.888338
-1.060903
-1.104699
-1.124024
-1.087800
-0.922222
-0.705452
-0.653905
-0.425769
-0.103681
-0.090811
-0.332692
-0.356931
-0.372267
-0.392174
-0.584794
-0.767155
-0.834300
-0.754932
-0.579271
-0.477947
-0.293203
-0.058870
0.108147
-0.048200
-0.111932
0.025895
0.091480
0.085566
0.055641
0.011261
-0.030311
-0.066108
-0.082770
-1.161104
-1.140901
-1.101976
-1.064486
-1.140987
-1.118073
-0.991743
-0.772702
-0.510241
-0.127261
0.132979
-0.033248
-0.273794
-0.213015
-0.201495
-0.372891
-0.633387
-0.802319
-0.842936
-0.753648
-0.551465
-0.399163
-0.210702
-0.014930
0.123776
-0.061028
-0.166454
-0.082261
0.092924
0.080488
0.029125
-0.019903
-0.054038
-0.092353
-0.100714
-1.024710
-1.036432
-1.076326
-1.049707
-1.091733
-1.116577
-0.976737
-0.691222
-0.338633
-0.124025
0.069445
-0.109987
-0.256074
-0.208515
-0.266489
-0.616497
-0.856516
-0.895997
-0.827612
-0.747012
-0.534054
-0.283825
-0.086085
0.046219
0.129854
-0.057156
-0.200366
-0.183321
0.035516
0.071771
0.025506
-0.000682
-0.038829
-0.068986
-0.080317
-0.817084
-0.719443
-0.720846
-0.781237
-1.083157
-1.143223
-1.042403
-0.752117
-0.420791
-0.104704
0.160130
0.012664
-0.228384
-0.241919
-0.343499
-0.741953
-0.943744
-0.904668
-0.842578
-0.802446
-0.570913
-0.188804
-0.009684
0.090280
0.134707
0.064421
-0.150157
-0.241435
-0.080844
-0.022941
-0.037972
-0.041016
-0.031122
-0.010032
-0.035037
-1.022168
-0.801783
-0.590540
-0.066441
-0.869335
-1.198374
-1.172404
-0.947107
-0.664645
-0.335526
-0.024416
-0.012295
-0.283963
-0.225863
-0.394282
-0.804290
-0.942786
-0.937655
-0.935625
-0.863901
-0.519536
-0.025262
0.080255
0.124276
0.181094
0.169826
0.038632
-0.110781
-0.073332
-0.105023
-0.128003
-0.075754
-0.027824
0.023916
0.023962
-1.229484
-0.920094
-0.483089
-0.226833
-0.433364
-0.933776
-1.041495
-1.016008
-0.753615
-0.411672
-0.134916
-0.008741
0.080882
0.195773
-0.096111
-0.559207
-0.787731
-0.870069
-0.914821
-0.722966
-0.230259
0.227738
0.232515
0.191016
0.212363
0.256569
0.222495
0.144916
0.105476
0.035730
0.002643
0.048540
0.095610
0.123084
0.141093
-1.290783
-0.922510
-0.616470
-0.539576
-0.454890
-0.597554
-0.817907
-0.856486
-0.657927
-0.318753
0.117580
0.303730
0.358727
0.030886
-0.389459
-0.745302
-0.919532
-0.958534
-0.846510
-0.349870
0.146475
0.375681
0.325244
0.234298
0.223630
0.307004
0.263160
0.190627
0.175655
0.148388
0.090168
0.092296
0.110853
0.110770
0.106822
-1.360161
-1.008118
-0.749409
-0.726349
-0.444133
-0.407385
-0.599881
-0.627729
-0.572345
-0.351818
0.156541
0.503265
0.187005
-0.289708
-0.665360
-0.873273
-0.880126
-0.850450
-0.550542
-0.008318
0.237526
0.398314
0.431119
0.362709
0.287671
0.304250
0.248494
0.099878
0.009550
0.067414
0.031869
-0.023086
-0.042026
-0.028781
-0.022453
-1.361443
-1.111639
-0.798228
-0.700310
-0.527154
-0.256134
-0.153379
-0.130577
-0.045319
0.095248
0.402432
0.396508
-0.036263
-0.246764
-0.399574
-0.448608
-0.346067
0.042375
0.439557
0.389505
0.326567
0.395825
0.431551
0.390668
0.297744
0.147929
-0.052257
-0.205518
-0.273059
-0.219711
-0.098702
-0.106685
-0.129856
-0.111851
-0.108831
