-0.187157
-0.235639
-0.104215
-0.093101
-0.031976
-0.024710
-0.061247
-0.099736
-0.125441
-0.138716
-0.212274
-0.134283
-0.066818
-0.057176
-0.039284
-0.047111
-0.075360
-0.097519
-0.113362
-0.121033
-0.170214
-0.034018
-0.048595
-0.032204
-0.010665
-0.028183
-0.047379
-0.072219
-0.085551
-0.082451
-0.064295
-0.050221
-0.309460
-0.163554
-0.026457
-0.079669
-0.010121
0.035505
0.027115
0.012486
0.003416
-0.004651
-0.006874
-0.005055
-0.003552
-0.036286
-0.070879
-0.116188
-0.178486
-0.253738
-0.237413
-0.065764
-0.080786
-0.089573
0.008176
0.069586
0.094659
0.092883
0.106513
0.115047
0.088754
0.070373
0.046688
-0.012117
-0.060658
-0.111930
-0.169894
-0.240328
-0.325336
-0.383939
-0.270647
-0.053935
0.011735
-0.106985
-0.056414
0.043162
0.120182
0.172314
0.185259
0.203907
0.215608
0.191720
0.167872
0.123996
0.029259
-0.061131
-0.123575
-0.174380
-0.236669
-0.321733
-0.392464
-0.398113
-0.371244
-0.205955
-0.107531
0.037626
-0.005328
-0.061976
0.035226
0.116688
0.187586
0.230562
0.249431
0.267997
0.277484
0.267211
0.251515
0.205779
0.114081
-0.025408
-0.124375
-0.188760
-0.245064
-0.314802
-0.380030
-0.383067
-0.348000
-0.319705
-0.232122
-0.057679
0.153955
0.072688
0.008251
0.028743
0.120635
0.197151
0.266777
0.287833
0.302395
0.307902
0.305572
0.315562
0.289441
0.243980
0.159232
0.002835
-0.121110
-0.192456
-0.223957
-0.272279
-0.329308
-0.338599
-0.317630
-0.303565
-0.118018
0.044635
0.188004
0.108657
0.109145
0.140942
0.202833
0.284422
0.335492
0.341428
0.348614
0.324450
0.308711
0.303755
0.271964
0.232164
0.170319
0.026981
-0.089744
-0.164249
-0.192367
-0.225384
-0.268165
-0.270876
-0.267880
-0.270611
0.027890
0.209377
0.178836
0.146050
0.224709
0.247271
0.279229
0.350815
0.375822
0.361534
0.340471
0.339548
0.295642
0.255364
0.218701
0.182161
0.160793
0.056444
-0.037547
-0.106300
-0.135119
-0.157210
-0.200512
-0.209862
-0.218563
-0.242431
-0.254500
0.192711
0.412599
0.324442
0.308370
0.360319
0.346747
0.362236
0.412652
0.399694
0.356207
0.307350
0.363223
0.287717
0.225964
0.176072
0.155207
0.136464
0.054332
-0.000898
-0.045206
-0.075018
-0.100258
-0.139113
-0.171667
-0.199206
-0.239269
0.321354
0.512655
0.455049
0.494608
0.508918
0.492985
0.470737
0.476729
0.446651
0.365748
0.307696
0.355276
0.287798
0.214314
0.142465
0.134561
0.103294
0.025123
-0.007141
-0.030356
-0.042257
0.264109
0.488771
0.569661
0.525715
0.576724
0.612907
0.628858
0.594621
0.536667
0.501363
0.434111
0.341677
0.348880
0.280679
0.217508
0.152997
0.129574
0.080766
-0.005474
-0.041310
-0.084271
-0.087426
0.398652
0.614715
0.608968
0.564685
0.610800
0.635521
0.687027
0.672373
0.592479
0.551707
0.485905
0.364933
0.341305
0.248373
0.204642
0.177155
0.133244
0.060884
-0.036764
-0.084179
-0.143695
0.232899
0.387589
0.525878
0.623578
0.624742
0.603297
0.662128
0.644727
0.661372
0.702951
0.630020
0.566813
0.486575
0.362102
0.306476
0.225959
0.206983
0.172437
0.105370
-0.003361
-0.112578
-0.184263
-0.219460
0.256290
0.440508
0.557676
0.679503
0.744660
0.701404
0.717190
0.649713
0.612942
0.640030
0.621266
0.559859
0.472903
0.360623
0.288433
0.216289
0.181786
0.116813
0.034407
-0.114940
-0.242019
-0.332093
0.201491
0.349443
0.480122
0.684288
0.851436
0.769362
0.718251
0.619093
0.535642
0.488982
0.489216
0.445080
0.384707
0.304304
0.233311
0.165895
0.105325
0.017063
-0.085452
-0.242163
-0.380295
-0.058813
0.234477
0.369822
0.554533
0.691831
0.884649
0.779766
0.701828
0.603298
0.504341
0.391360
0.320588
0.237785
0.212572
0.162800
0.103698
0.047542
-0.035951
-0.117879
-0.226160
-0.372436
-0.493967
-0.048985
0.298554
0.400409
0.636996
0.766161
0.864535
0.797969
0.735174
0.652503
0.548126
0.350747
0.208644
0.052764
0.010876
-0.038715
-0.092397
-0.129003
-0.200817
-0.296961
-0.366073
-0.491052
-0.589655
-0.365035
-0.027889
0.280291
0.380083
0.547002
0.692655
0.787718
0.783920
0.758792
0.683841
0.528944
0.270717
0.100617
-0.112633
-0.177367
-0.236722
-0.273873
-0.298743
-0.338821
-0.420488
-0.489347
-0.583551
-0.567956
-0.329115
0.025336
0.166172
0.237644
0.371061
0.552306
0.696091
0.705498
0.677002
0.575087
0.384292
0.143270
-0.042476
-0.257247
-0.357706
-0.403867
-0.427063
-0.440481
-0.452061
-0.500185
-0.571795
-0.576523
-0.372443
-0.218736
-0.089676
0.010955
0.139443
0.367132
0.546803
0.611589
0.498389
0.383759
0.196735
-0.003545
-0.194960
-0.394826
-0.518254
-0.556633
-0.555264
-0.547408
-0.535804
-0.576736
-0.834491
-0.610898
-0.598473
-0.520671
-0.364768
-0.243744
-0.104769
0.101544
0.278922
0.360621
0.264362
0.139651
0.010182
-0.184972
-0.357193
-0.531567
-0.642116
-0.685654
-0.674740
-0.654682
-0.630646
-0.678497
-0.832934
-0.686013
-0.762869
-0.609544
-0.544487
-0.532237
-0.367817
-0.155869
-0.016098
0.033350
-0.007731
-0.152438
-0.240434
-0.396887
-0.519152
-0.668456
-0.765920
-0.819532
-0.804322
-0.779736
-0.696289
-0.672071
-0.691883
-0.594299
-0.401034
-0.282926
-0.240633
-0.250315
-0.397703
-0.473571
-0.607322
-0.668950
-0.755262
-0.782771
-0.725004
-0.563974
-0.471488
-0.443984
-0.487296
-0.587069
-0.673445
-0.799531
-0.813111
-0.743249
-0.619277
-0.541356
-0.552879
-0.649722
-0.750512
-0.851517
-0.764523
-0.754599
-0.666835
-0.575033
-0.549458
-0.585341
-0.711320
-0.848666
-0.705648
-0.677969
-0.606241
-0.541559
-0.540680
-0.593958
-0.717182
-0.549922
-0.163393
-0.216760
-0.109991
-0.097669
-0.035377
-0.025777
-0.058048
-0.094152
-0.120127
-0.133330
-0.189808
-0.130391
-0.080471
-0.070329
-0.045217
-0.047843
-0.072680
-0.092872
-0.108527
-0.116567
-0.155166
-0.044181
-0.065376
-0.049393
-0.021031
-0.031611
-0.047887
-0.070389
-0.083534
-0.081728
-0.066246
-0.053936
-0.277644
-0.151512
-0.039402
-0.094254
-0.028329
0.022041
0.019985
0.007954
0.000008
-0.009833
-0.013665
-0.014680
-0.014954
-0.044866
-0.074374
-0.113886
-0.171840
-0.243006
-0.218407
-0.067434
-0.090770
-0.101628
-0.008936
0.056261
0.085534
0.084560
0.096341
0.100934
0.073671
0.052629
0.028584
-0.024373
-0.064863
-0.109408
-0.163439
-0.230371
-0.312286
-0.368511
-0.254645
-0.058193
-0.003829
-0.113216
-0.065321
0.029089
0.106517
0.160689
0.173860
0.188372
0.194884
0.168671
0.141985
0.099646
0.013684
-0.065870
-0.120162
-0.166726
-0.225370
-0.306287
-0.373684
-0.379633
-0.354467
-0.195900
-0.107422
0.021689
-0.018433
-0.066216
0.027522
0.106419
0.175477
0.219564
0.237161
0.249782
0.252787
0.238432
0.219082
0.174934
0.092421
-0.033079
-0.121912
-0.180637
-0.231949
-0.296664
-0.358413
-0.360958
-0.327592
-0.300873
-0.218786
-0.060663
0.130111
0.055127
0.000940
0.025734
0.116192
0.189960
0.255486
0.276302
0.288500
0.288805
0.279893
0.283691
0.254206
0.210452
0.135528
-0.006192
-0.119842
-0.186575
-0.214882
-0.258405
-0.310692
-0.317417
-0.295842
-0.281691
-0.114789
0.034141
0.161345
0.092081
0.100470
0.135363
0.198716
0.276152
0.323647
0.329597
0.333705
0.307359
0.285658
0.273475
0.237294
0.199515
0.146178
0.015271
-0.093253
-0.162673
-0.187958
-0.217316
-0.255124
-0.255575
-0.251628
-0.253429
0.018716
0.189129
0.158212
0.130828
0.209766
0.237602
0.273835
0.340669
0.364069
0.350958
0.329032
0.324538
0.275803
0.229034
0.187241
0.151555
0.134416
0.038003
-0.048340
-0.110934
-0.136068
-0.154864
-0.193425
-0.201377
-0.209809
-0.232713
-0.242547
0.170004
0.377425
0.296620
0.285637
0.338089
0.333746
0.354373
0.400893
0.387815
0.346729
0.299708
0.346892
0.267945
0.201189
0.146804
0.124984
0.108347
0.031691
-0.017755
-0.055696
-0.080610
-0.103720
-0.137918
-0.167882
-0.194888
-0.234537
0.288945
0.468094
0.417674
0.460130
0.479808
0.473264
0.458870
0.464812
0.435526
0.357326
0.301458
0.339016
0.266257
0.190613
0.115876
0.105324
0.075410
0.001694
-0.026530
-0.043491
-0.049601
0.233639
0.444063
0.517988
0.481401
0.536445
0.578362
0.600591
0.576235
0.524241
0.490536
0.423869
0.334311
0.334191
0.259682
0.194045
0.126747
0.100184
0.052757
-0.028948
-0.059757
-0.093714
-0.090501
0.361526
0.561976
0.556634
0.518551
0.569119
0.600705
0.653971
0.647180
0.577012
0.539092
0.474812
0.357533
0.327728
0.231121
0.184680
0.152331
0.106119
0.035288
-0.057808
-0.098372
-0.147642
0.208341
0.353579
0.482472
0.576237
0.576913
0.558609
0.618774
0.610668
0.630970
0.672569
0.610589
0.554609
0.477803
0.357029
0.297678
0.215356
0.191465
0.152813
0.085988
-0.020015
-0.125130
-0.188194
-0.215195
0.229509
0.403282
0.513224
0.628454
0.691436
0.652027
0.670777
0.616116
0.587384
0.614638
0.600261
0.546087
0.465056
0.357501
0.283908
0.210590
0.172250
0.107440
0.027814
-0.116350
-0.238136
-0.319527
0.174921
0.315208
0.438121
0.629044
0.786226
0.713717
0.670642
0.587123
0.514672
0.475754
0.478540
0.438574
0.382970
0.306037
0.235714
0.168083
0.106720
0.021337
-0.075787
-0.227034
-0.358768
-0.064274
0.204532
0.330087
0.502653
0.632780
0.810905
0.719090
0.652464
0.570262
0.484801
0.385703
0.322907
0.246492
0.223291
0.176299
0.118992
0.062172
-0.019399
-0.097844
-0.200829
-0.342600
-0.459567
-0.052629
0.264672
0.358227
0.575770
0.697331
0.788922
0.731218
0.679611
0.613264
0.523855
0.346485
0.218135
0.074016
0.035150
-0.010524
-0.062016
-0.099369
-0.168275
-0.259104
-0.327132
-0.450139
-0.546500
-0.336845
-0.032480
0.247411
0.337177
0.489571
0.624219
0.713507
0.713388
0.696985
0.637169
0.501836
0.268373
0.114228
-0.081359
-0.141499
-0.195917
-0.231116
-0.255698
-0.293757
-0.370620
-0.439932
-0.534094
-0.525917
-0.306283
0.015817
0.143744
0.204150
0.324434
0.490205
0.622100
0.633664
0.614286
0.527330
0.358535
0.142367
-0.025879
-0.219170
-0.311200
-0.352676
-0.373778
-0.386663
-0.397399
-0.443761
-0.516040
-0.537040
-0.344989
-0.205720
-0.090704
-0.007189
0.105883
0.314872
0.478733
0.539569
0.439985
0.339274
0.174303
-0.003467
-0.177475
-0.352799
-0.462067
-0.494880
-0.492414
-0.485969
-0.475642
-0.516532
-0.783643
-0.571298
-0.554750
-0.483668
-0.344693
-0.243253
-0.125190
0.061299
0.224896
0.300341
0.213480
0.104106
-0.009180
-0.182135
-0.335379
-0.485834
-0.578513
-0.613887
-0.603003
-0.586502
-0.566045
-0.614042
-0.782953
-0.642694
-0.708919
-0.567323
-0.509855
-0.505568
-0.368342
-0.184088
-0.058031
-0.011715
-0.046748
-0.171396
-0.245674
-0.383573
-0.488706
-0.616079
-0.695441
-0.739086
-0.723771
-0.704630
-0.645907
-0.622354
-0.644022
-0.566403
-0.404165
-0.304124
-0.266605
-0.270275
-0.394507
-0.457967
-0.574026
-0.625882
-0.694270
-0.719962
-0.675225
-0.540253
-0.462253
-0.438539
-0.473658
-0.558386
-0.632770
-0.742254
-0.746930
-0.686335
-0.578155
-0.510459
-0.522465
-0.607795
-0.697802
-0.787193
-0.705960
-0.694979
-0.615473
-0.532127
-0.508345
-0.542155
-0.656190
-0.782051
-0.654114
-0.625557
-0.558449
-0.497943
-0.497176
-0.547378
-0.660553
-0.503864
