0.157656
0.402789
0.351472
0.493044
0.403176
-0.030492
-0.137463
-0.022553
-0.202847
-0.104052
0.194387
0.422709
0.585935
0.643285
0.854775
1.014389
1.000209
0.663757
0.643798
0.664884
0.317246
-0.187408
-0.582216
-0.671884
-0.549938
-0.306495
0.159243
0.519710
0.376992
-0.264311
-0.623340
-0.640875
-0.669766
-0.509028
-0.674729
-0.016474
0.437220
0.475783
0.305343
0.391121
-0.137067
-0.196309
-0.048187
-0.318746
-0.218144
0.068788
0.420074
0.530474
0.656458
0.852600
1.064419
1.065012
0.930802
0.887373
0.731546
0.092498
-0.277259
-0.297426
-0.323985
-0.258886
-0.094448
0.261519
0.483943
0.503359
0.255450
-0.159702
-0.205312
-0.327889
-0.454995
-0.441150
-0.045119
0.288128
0.205092
0.156646
-0.293438
-0.529254
-0.374372
-0.205471
-0.224572
-0.205450
0.049123
0.285386
0.485630
0.653521
0.816217
1.070472
1.257132
1.258133
0.941475
0.581921
-0.191987
-0.393977
-0.252628
-0.176546
0.091744
0.185073
0.304985
0.406120
0.486549
0.466296
0.288410
0.080260
-0.094404
-0.163630
-0.282383
-0.076996
0.070368
-0.092908
-0.350689
-0.624215
-0.485549
-0.362688
-0.354086
-0.314459
-0.237192
0.013148
0.197281
0.412781
0.652749
0.917517
1.156481
1.487719
1.284227
0.645556
0.289122
-0.452656
-0.450220
-0.121657
0.087256
0.250127
0.223890
0.305319
0.411024
0.545210
0.427061
0.283773
0.131621
0.042252
-0.031045
-0.060631
-0.205449
-0.102267
-0.283471
-0.616309
-0.583453
-0.483614
-0.394054
-0.337392
-0.415726
-0.286435
-0.019267
0.156934
0.372040
0.665443
0.931066
1.058254
1.178521
0.899798
0.334351
0.053423
-0.596062
-0.462455
-0.064099
0.171273
0.252322
0.166411
0.224254
0.378404
0.667499
0.520599
0.300817
0.188313
0.166332
0.139434
0.110215
-0.293363
-0.399857
-0.610188
-0.792278
-0.732747
-0.662797
-0.598410
-0.361581
-0.566374
-0.421118
-0.096246
0.056680
0.388844
0.623500
0.770299
0.844963
0.852378
0.518096
0.067663
-0.189067
-0.680549
-0.429994
-0.020226
0.231213
0.227114
0.052330
0.043098
0.208870
0.637072
0.678202
0.463880
0.230053
0.179005
0.175209
0.196517
-0.071457
-0.285886
-0.657168
-0.849779
-0.835384
-0.796405
-0.694723
-0.537717
-0.655559
-0.461172
-0.144769
-0.084911
0.076090
0.388092
0.560861
0.689662
0.690701
0.437171
0.202968
-0.454923
-0.848233
-0.413841
0.071482
0.290661
0.180747
-0.050756
-0.075599
0.054522
0.475038
0.771378
0.605846
0.316481
0.194078
0.195956
0.261748
0.022821
-0.036754
-0.360121
-0.504362
-0.489310
-0.474224
-0.432096
-0.387101
-0.211312
-0.117698
-0.025586
-0.012127
-0.092229
0.162107
0.349885
0.560204
0.592547
0.310222
0.021387
-0.827711
-0.949549
-0.363409
0.128552
0.360421
0.185988
-0.053175
-0.040910
0.129370
0.454379
0.608829
0.569619
0.307022
0.164890
0.192472
0.220464
0.201145
0.404676
0.522181
0.436894
0.163619
-0.030961
-0.165800
-0.240811
-0.042897
-0.059554
-0.104399
0.016718
0.044662
0.147531
0.265037
0.488691
0.635415
0.249134
-0.249005
-0.787603
-0.611275
-0.304726
0.154972
0.381981
0.209590
0.020797
0.150880
0.366246
0.473139
0.451289
0.393993
0.220650
0.119750
0.116415
0.101385
0.003344
0.253061
0.477103
0.931499
1.084130
0.781147
0.390899
0.055482
0.023108
-0.163371
-0.166948
0.040233
0.130036
0.139986
0.255853
0.516082
0.718632
0.269729
-0.350767
-0.613207
-0.329464
-0.258450
0.083749
0.400154
0.247050
0.145576
0.280356
0.451949
0.472730
0.383213
0.271663
0.121220
0.055750
0.050870
0.013901
-0.034957
0.195147
0.318013
0.561100
1.183613
1.138813
0.641988
0.130886
0.080038
0.007068
-0.157834
-0.029278
0.041878
0.112015
0.294704
0.549535
0.614671
0.200405
-0.402498
-0.539119
-0.407868
-0.340096
-0.016260
0.430179
0.259364
0.173323
0.245974
0.388258
0.405474
0.306200
0.204528
0.032370
-0.028092
0.018759
0.005839
-0.024850
-0.061852
-0.101299
0.057844
0.449457
0.516010
0.330841
0.227353
0.220365
0.068504
-0.141214
-0.172272
-0.033259
0.089229
0.209460
0.424129
0.488490
0.266749
-0.279323
-0.606904
-0.568237
-0.434146
-0.106162
0.428559
0.277748
0.160664
0.217834
0.294924
0.321441
0.238764
0.144903
-0.011544
-0.046311
-0.005292
0.005588
-0.033385
-0.174244
-0.442459
-0.506368
-0.342191
-0.013448
0.191410
0.329163
0.432623
0.209538
-0.165547
-0.243604
-0.045875
-0.037921
0.076750
0.210994
0.268130
0.148588
-0.354885
-0.718304
-0.673970
-0.497674
-0.171665
0.332353
0.259741
0.152179
0.192386
0.260160
0.266470
0.217082
0.097187
0.018865
0.037244
0.040781
0.022252
-0.263377
-0.121788
-0.465421
-0.576667
-0.605878
-0.443926
-0.080423
0.175464
0.306705
0.020831
-0.231708
-0.339901
-0.080915
-0.127782
-0.040577
0.088540
0.107943
-0.022577
-0.506116
-0.797461
-0.730499
-0.538238
-0.223475
0.253979
0.202251
0.100380
0.175507
0.216239
0.214516
0.197789
0.073692
0.069718
0.098436
0.104220
0.114800
-0.414828
-0.392419
-0.564904
-0.611957
-0.760517
-0.826196
-0.040129
0.144320
0.337330
0.003255
-0.163189
-0.422168
-0.348199
-0.320591
-0.259363
-0.047058
-0.040362
-0.189562
-0.653118
-0.854805
-0.749718
-0.562508
-0.286793
0.152730
0.129345
0.011124
0.109288
0.226022
0.264123
0.180791
0.120294
0.077757
0.113328
0.118768
0.155650
-0.519459
-0.719374
-0.959306
-0.962537
-0.882884
-0.864002
-0.304606
0.038310
0.182137
0.035710
-0.037890
-0.428348
-0.686239
-0.483593
-0.403470
-0.279485
-0.195087
-0.288956
-0.685348
-0.851295
-0.749164
-0.587906
-0.352336
0.056683
0.084262
-0.073226
0.027023
0.150645
0.191168
0.192555
0.148708
0.106499
0.100316
0.113021
0.133436
-0.646245
-0.908382
-1.219199
-1.179406
-1.113958
-0.972094
-0.716152
-0.548790
-0.485842
-0.527958
-0.496005
-0.485585
-0.768819
-0.774229
-0.526339
-0.334091
-0.325012
-0.458749
-0.777157
-0.850342
-0.725216
-0.592899
-0.382137
-0.006780
0.131225
-0.053086
0.030248
0.129775
0.133722
0.160653
0.114463
0.088278
0.065039
0.059736
0.064001
-0.744782
-0.937186
-1.245736
-1.313678
-1.275635
-1.123880
-0.960555
-0.868674
-0.864426
-0.806195
-0.709440
-0.726365
-0.766459
-0.838832
-0.723827
-0.458268
-0.525309
-0.755255
-0.900755
-0.874488
-0.711530
-0.586492
-0.369974
-0.056194
0.158625
-0.011194
0.014342
0.144729
0.111113
0.137790
0.098210
0.064227
0.025282
-0.006194
-0.032730
-0.833592
-1.042030
-1.249709
-1.310098
-1.342205
-1.297519
-1.098099
-0.838443
-0.772023
-0.503726
-0.129449
-0.125457
-0.435149
-0.462712
-0.495975
-0.514375
-0.724981
-0.931589
-1.011217
-0.916354
-0.705091
-0.578695
-0.351400
-0.063441
0.148420
-0.042559
-0.129263
0.032942
0.111403
0.105983
0.072608
0.020307
-0.028727
-0.070851
-0.091521
-1.365848
-1.341941
-1.296339
-1.254312
-1.352861
-1.330356
-1.178956
-0.914259
-0.596754
-0.153954
0.148309
-0.059098
-0.367496
-0.300156
-0.290682
-0.484582
-0.777893
-0.975413
-1.026341
-0.919013
-0.673521
-0.486222
-0.253619
-0.011696
0.163835
-0.063554
-0.201511
-0.098911
0.113168
0.101014
0.041953
-0.016369
-0.057058
-0.100833
-0.111173
-1.230366
-1.261922
-1.301109
-1.251841
-1.290078
-1.320705
-1.159259
-0.820688
-0.400438
-0.150331
0.070002
-0.154093
-0.348188
-0.297211
-0.363638
-0.764244
-1.039855
-1.088608
-1.011785
-0.912263
-0.654459
-0.347956
-0.104468
0.060086
0.165733
-0.063162
-0.244493
-0.222151
0.042662
0.089423
0.036328
0.005912
-0.038506
-0.073137
-0.087385
-1.009803
-0.912786
-0.925824
-0.977471
-1.291407
-1.354695
-1.236558
-0.896960
-0.510238
-0.148589
0.162883
-0.011604
-0.312444
-0.334001
-0.450301
-0.908519
-1.143988
-1.102532
-1.025716
-0.970130
-0.696180
-0.236923
-0.015149
0.107498
0.164770
0.084127
-0.180596
-0.290621
-0.093473
-0.024443
-0.042137
-0.044868
-0.032808
-0.005546
-0.034543
-1.264477
-1.015725
-0.773988
-0.147815
-1.076250
-1.446464
-1.410243
-1.144380
-0.811389
-0.425962
-0.057261
-0.044909
-0.381084
-0.305967
-0.500091
-0.974103
-1.140408
-1.135924
-1.132183
-1.043432
-0.640709
-0.041820
0.092025
0.148086
0.218245
0.212469
0.054650
-0.132279
-0.085550
-0.125216
-0.154206
-0.089294
-0.032658
0.032120
0.033408
-1.519722
-1.159436
-0.637922
-0.333054
-0.566543
-1.157235
-1.280196
-1.243601
-0.926439
-0.522532
-0.194972
-0.038190
0.088378
0.231612
-0.121853
-0.662417
-0.935541
-1.041857
-1.101051
-0.881490
-0.300693
0.260219
0.273781
0.225552
0.255512
0.312014
0.273830
0.173817
0.124448
0.041040
0.001481
0.054868
0.111434
0.148096
0.170093
-1.600662
-1.161139
-0.792043
-0.701137
-0.595326
-0.762634
-1.022191
-1.065329
-0.824500
-0.422041
0.109622
0.353232
0.441822
0.051791
-0.450195
-0.869772
-1.085320
-1.145991
-1.021084
-0.439610
0.160060
0.444584
0.389141
0.278958
0.270899
0.372680
0.319698
0.232253
0.213597
0.182051
0.111630
0.112497
0.133100
0.133538
0.129234
-1.690267
-1.268766
-0.954084
-0.924570
-0.586238
-0.537269
-0.760763
-0.793837
-0.726017
-0.446183
0.191199
0.625651
0.247667
-0.319493
-0.767271
-1.020244
-1.047542
-1.026248
-0.675229
-0.030166
0.269670
0.475849
0.520511
0.437239
0.349920
0.371767
0.304218
0.124885
0.016541
0.086866
0.043279
-0.024446
-0.046507
-0.033319
-0.028265
-1.683831
-1.388216
-1.013445
-0.892719
-0.680639
-0.346415
-0.215063
-0.177911
-0.063228
0.129476
0.517517
0.512242
-0.004101
-0.267066
-0.458989
-0.531479
-0.419296
0.039101
0.517271
0.456289
0.381986
0.470873
0.519154
0.473160
0.364195
0.185243
-0.056807
-0.244235
-0.328692
-0.263342
-0.114816
-0.126531
-0.153233
-0.132931
-0.133729
0.110387
0.311589
0.276519
0.383556
0.320492
-0.006130
-0.080066
0.016461
-0.110132
-0.024111
0.204096
0.381183
0.502673
0.519861
0.689033
0.825973
0.799436
0.514121
0.501903
0.527514
0.252384
-0.147115
-0.470122
-0.547569
-0.444974
-0.234679
0.151109
0.427863
0.313347
-0.195432
-0.487673
-0.508403
-0.534086
-0.408217
-0.529557
-0.036139
0.329369
0.364420
0.242708
0.314037
-0.077031
-0.120646
-0.012837
-0.222562
-0.130080
0.088003
0.363739
0.457563
0.532482
0.689132
0.863581
0.846505
0.725755
0.696571
0.582895
0.075748
-0.215424
-0.230167
-0.252624
-0.194194
-0.045902
0.247458
0.408834
0.417333
0.221201
-0.111899
-0.161086
-0.266654
-0.370417
-0.352577
-0.064252
0.208254
0.147064
0.122641
-0.223911
-0.387866
-0.264475
-0.161090
-0.180843
-0.150606
0.058728
0.251687
0.409633
0.526130
0.667097
0.868918
1.006437
0.992336
0.740768
0.462429
-0.149914
-0.306835
-0.190555
-0.126114
0.099181
0.190587
0.291651
0.363522
0.416882
0.392490
0.246090
0.071836
-0.076481
-0.134093
-0.221956
-0.094572
0.036697
-0.078854
-0.276967
-0.481961
-0.361108
-0.277452
-0.292992
-0.259554
-0.186646
0.025895
0.175194
0.340427
0.523936
0.750668
0.947968
1.203458
1.026515
0.510027
0.229544
-0.358421
-0.351523
-0.087137
0.087051
0.233438
0.226218
0.297489
0.376624
0.470194
0.366472
0.246480
0.122772
0.043525
-0.019994
-0.043683
-0.202130
-0.105341
-0.234743
-0.491839
-0.457332
-0.381431
-0.323853
-0.285477
-0.340289
-0.228892
-0.007092
0.131995
0.301765
0.538483
0.765096
0.876055
0.971250
0.738817
0.268746
0.048978
-0.471116
-0.363453
-0.045046
0.149618
0.233171
0.183993
0.239497
0.354249
0.566110
0.442252
0.263479
0.170021
0.147547
0.122132
0.095545
-0.268362
-0.338639
-0.493961
-0.636523
-0.586098
-0.536797
-0.497950
-0.312975
-0.467801
-0.346129
-0.082356
0.041032
0.308296
0.507912
0.640005
0.703104
0.710425
0.439512
0.069914
-0.140171
-0.541828
-0.340191
-0.010983
0.194424
0.203998
0.092869
0.102596
0.212015
0.533217
0.563131
0.391857
0.205058
0.160103
0.152669
0.166544
-0.101450
-0.257345
-0.537481
-0.688242
-0.675273
-0.651159
-0.581878
-0.455152
-0.545565
-0.386109
-0.129348
-0.071299
0.068726
0.333560
0.477671
0.580363
0.582793
0.375810
0.181695
-0.357791
-0.685257
-0.335916
0.061782
0.241029
0.164812
0.009281
-0.008460
0.068864
0.397046
0.628170
0.499618
0.269689
0.171522
0.170997
0.219449
-0.034046
-0.066101
-0.309024
-0.417546
-0.406379
-0.399818
-0.376194
-0.339825
-0.200631
-0.117929
-0.024279
0.004677
-0.044022
0.166272
0.315345
0.479370
0.505939
0.274162
0.033078
-0.659931
-0.771376
-0.294871
0.105265
0.296050
0.173963
0.005475
-0.000719
0.124163
0.389229
0.506984
0.472838
0.260738
0.147517
0.166803
0.185087
0.102137
0.274991
0.380209
0.334635
0.118107
-0.038974
-0.161272
-0.230050
-0.068565
-0.066135
-0.074870
0.036265
0.067338
0.152500
0.245014
0.421558
0.534474
0.214852
-0.191356
-0.627972
-0.495200
-0.242055
0.124105
0.311198
0.190722
0.050175
0.140932
0.303687
0.398567
0.383429
0.336832
0.194388
0.112050
0.104986
0.089109
-0.054133
0.150414
0.330005
0.694994
0.833193
0.605251
0.283155
0.000857
-0.022392
-0.154234
-0.137836
0.041902
0.121963
0.135191
0.230603
0.440320
0.590425
0.224708
-0.272604
-0.485191
-0.264267
-0.202888
0.065009
0.322663
0.215960
0.135977
0.230879
0.360686
0.390874
0.322555
0.236350
0.115822
0.061330
0.053303
0.019636
-0.082142
0.104202
0.199514
0.390379
0.887374
0.865298
0.468884
0.058094
0.019678
-0.026678
-0.135478
-0.023851
0.035987
0.102026
0.252748
0.459989
0.509011
0.176223
-0.310391
-0.426333
-0.327762
-0.274730
-0.019900
0.343131
0.217670
0.141949
0.192454
0.305769
0.330955
0.254868
0.176775
0.041375
-0.009274
0.021983
0.007226
-0.064812
-0.094685
-0.129441
-0.008552
0.298885
0.351977
0.223506
0.139580
0.144445
0.035432
-0.119832
-0.139498
-0.027718
0.078170
0.175694
0.350460
0.404938
0.227645
-0.214995
-0.483544
-0.459882
-0.356205
-0.095909
0.334902
0.220325
0.121345
0.167491
0.234549
0.262920
0.198965
0.125588
0.002034
-0.028674
-0.003208
0.002379
-0.066504
-0.179162
-0.395561
-0.455897
-0.325861
-0.065392
0.121000
0.231819
0.319789
0.151012
-0.141227
-0.202298
-0.042352
-0.038449
0.056907
0.169711
0.217824
0.119241
-0.287715
-0.581720
-0.550623
-0.411366
-0.151492
0.250066
0.197095
0.112296
0.150612
0.213638
0.223473
0.182659
0.087091
0.022852
0.033158
0.034326
0.017737
-0.252131
-0.142372
-0.417315
-0.516141
-0.534017
-0.401235
-0.092919
0.118969
0.231780
0.006824
-0.199227
-0.293135
-0.086861
-0.119862
-0.044721
0.064081
0.082593
-0.025090
-0.414705
-0.650486
-0.600230
-0.446319
-0.195009
0.184429
0.148454
0.074650
0.144275
0.184715
0.185370
0.170053
0.067772
0.060950
0.080699
0.085091
0.093087
-0.380536
-0.368264
-0.510285
-0.554758
-0.661066
-0.701940
-0.061023
0.099691
0.261710
-0.012043
-0.150873
-0.358352
-0.302419
-0.275194
-0.220949
-0.045582
-0.037365
-0.161440
-0.536359
-0.702486
-0.618790
-0.467527
-0.244949
0.105594
0.093363
0.008101
0.094256
0.192752
0.224714
0.154092
0.102362
0.064913
0.092446
0.097556
0.126727
-0.474295
-0.637930
-0.833825
-0.837443
-0.763360
-0.737982
-0.281870
0.005237
0.122183
-0.002092
-0.068470
-0.368289
-0.566693
-0.402023
-0.334928
-0.232737
-0.162369
-0.242287
-0.566932
-0.703199
-0.621692
-0.489850
-0.297654
0.028158
0.055725
-0.062157
0.025241
0.127754
0.160381
0.160913
0.123129
0.088141
0.082937
0.093185
0.109309
-0.585176
-0.795549
-1.042780
-1.008688
-0.948108
-0.832922
-0.619473
-0.478203
-0.426630
-0.458014
-0.432040
-0.418820
-0.632881
-0.633553
-0.434686
-0.278071
-0.266733
-0.383261
-0.647099
-0.706141
-0.604674
-0.495393
-0.321699
-0.023347
0.087250
-0.051219
0.022488
0.108056
0.112320
0.132831
0.093754
0.071662
0.053331
0.049843
0.052127
-0.666973
-0.824636
-1.070375
-1.119306
-1.082939
-0.961029
-0.821469
-0.741088
-0.731724
-0.679471
-0.594553
-0.598137
-0.624411
-0.680528
-0.585248
-0.368789
-0.428175
-0.628624
-0.751037
-0.728533
-0.594587
-0.490010
-0.312103
-0.060994
0.106205
-0.022117
0.006022
0.116653
0.092646
0.112971
0.078696
0.050509
0.018610
-0.006303
-0.028981
-0.742405
-0.913887
-1.079727
-1.122591
-1.139667
-1.100534
-0.935850
-0.721996
-0.663552
-0.439646
-0.130103
-0.117109
-0.347518
-0.373055
-0.390043
-0.410294
-0.594791
-0.773434
-0.839346
-0.761105
-0.587736
-0.482074
-0.296576
-0.065016
0.099321
-0.046654
-0.105596
0.026725
0.090183
0.085329
0.056752
0.013619
-0.026764
-0.061569
-0.078113
-1.169504
-1.154768
-1.121358
-1.085241
-1.156972
-1.131764
-1.005317
-0.787511
-0.525489
-0.155969
0.096294
-0.059944
-0.287728
-0.234338
-0.227026
-0.393964
-0.646777
-0.810774
-0.849097
-0.759861
-0.559871
-0.405319
-0.216437
-0.022168
0.114604
-0.059432
-0.159085
-0.077462
0.089831
0.079018
0.030199
-0.017177
-0.050525
-0.087332
-0.095719
-1.046351
-1.060654
-1.097743
-1.071205
-1.109441
-1.130000
-0.991886
-0.712329
-0.365919
-0.151853
0.037258
-0.130477
-0.270201
-0.228429
-0.288033
-0.624504
-0.860189
-0.900796
-0.834975
-0.752562
-0.541277
-0.292798
-0.095905
0.037836
0.121484
-0.055523
-0.191891
-0.174735
0.032959
0.069181
0.025272
-0.000014
-0.036591
-0.065522
-0.076706
-0.855450
-0.764707
-0.764121
-0.818084
-1.100093
-1.154249
-1.053351
-0.769864
-0.444787
-0.134822
0.124334
-0.010705
-0.240785
-0.258591
-0.360042
-0.745430
-0.943622
-0.910198
-0.848027
-0.802143
-0.572027
-0.198208
-0.019172
0.082336
0.128035
0.061175
-0.143652
-0.230123
-0.077000
-0.021791
-0.036329
-0.039060
-0.030042
-0.009710
-0.033566
-1.051998
-0.841611
-0.637067
-0.136172
-0.897053
-1.206479
-1.176802
-0.955327
-0.676610
-0.353627
-0.048710
-0.032164
-0.291321
-0.240556
-0.405642
-0.799308
-0.941030
-0.937974
-0.932303
-0.855527
-0.517139
-0.036861
0.071374
0.118711
0.175233
0.164765
0.038158
-0.104826
-0.069810
-0.100310
-0.122405
-0.072046
-0.027164
0.022385
0.022551
-1.249827
-0.952060
-0.531494
-0.283536
-0.478113
-0.952021
-1.050257
-1.018061
-0.758382
-0.423022
-0.149895
-0.022103
0.060768
0.164590
-0.125991
-0.567811
-0.790402
-0.869548
-0.907089
-0.715357
-0.234956
0.209987
0.221332
0.185903
0.208049
0.249617
0.214878
0.138434
0.099373
0.032072
0.000350
0.043816
0.088885
0.115707
0.132850
-1.308960
-0.954757
-0.656776
-0.577318
-0.493018
-0.625660
-0.830525
-0.860701
-0.662888
-0.330007
0.095677
0.278976
0.330858
0.013168
-0.394677
-0.739156
-0.908622
-0.944867
-0.832403
-0.351835
0.132204
0.358572
0.315584
0.231210
0.221621
0.299110
0.254385
0.182405
0.165911
0.138625
0.082794
0.084737
0.102508
0.102897
0.099420
-1.374065
-1.034850
-0.780849
-0.751299
-0.476959
-0.436176
-0.610594
-0.632634
-0.571604
-0.350266
0.143423
0.476179
0.172944
-0.286218
-0.650298
-0.852947
-0.861690
-0.829653
-0.536810
-0.013755
0.228392
0.388186
0.421670
0.356568
0.283949
0.296692
0.239480
0.094555
0.006331
0.059628
0.025091
-0.026927
-0.044479
-0.031788
-0.025299
-1.366789
-1.126589
-0.823633
-0.722098
-0.548727
-0.282710
-0.177972
-0.147994
-0.058595
0.085140
0.383514
0.379488
-0.034803
-0.242197
-0.389934
-0.438593
-0.339875
0.028989
0.416893
0.377351
0.321810
0.391060
0.425978
0.385336
0.293658
0.146872
-0.048920
-0.199465
-0.266479
-0.216890
-0.102062
-0.109244
-0.130683
-0.112986
-0.109253
