-0.303855
-0.312885
-0.036427
-0.034240
0.013371
0.004012
-0.057793
-0.109650
-0.132809
-0.147966
-0.318964
-0.125287
0.050605
0.060169
0.028364
-0.013542
-0.063061
-0.099410
-0.119240
-0.127615
-0.233123
0.054309
0.090321
0.113688
0.087382
0.023470
-0.016031
-0.058257
-0.077053
-0.070010
-0.040246
-0.018928
-0.442390
-0.208134
0.079014
0.050706
0.141705
0.148455
0.096591
0.062540
0.041032
0.040624
0.045326
0.061693
0.070812
0.023080
-0.039718
-0.117532
-0.200464
-0.292515
-0.314859
-0.033694
0.013172
0.028365
0.149193
0.175780
0.167600
0.156835
0.174840
0.203066
0.182552
0.180001
0.156585
0.065014
-0.029924
-0.117883
-0.192545
-0.276238
-0.369446
-0.434855
-0.319073
-0.001258
0.129481
-0.031539
0.034886
0.157970
0.221848
0.250322
0.256343
0.294573
0.334342
0.325495
0.318486
0.263531
0.120647
-0.028687
-0.136026
-0.205934
-0.282606
-0.385825
-0.470310
-0.474636
-0.440847
-0.221538
-0.074986
0.153637
0.099590
-0.004912
0.104680
0.191930
0.266674
0.294741
0.316960
0.368583
0.415056
0.429778
0.435260
0.378982
0.236207
0.023672
-0.128574
-0.221499
-0.304461
-0.400393
-0.482542
-0.492522
-0.451953
-0.413285
-0.259388
-0.008981
0.321185
0.197427
0.073658
0.062440
0.150483
0.234741
0.325135
0.344572
0.371028
0.407542
0.445771
0.492463
0.488281
0.432909
0.291750
0.061461
-0.112865
-0.205613
-0.257086
-0.333722
-0.418178
-0.449524
-0.438586
-0.424895
-0.083379
0.131945
0.361404
0.225292
0.168254
0.174010
0.216668
0.312859
0.381399
0.387618
0.413862
0.404315
0.428618
0.471296
0.471229
0.419905
0.307925
0.105354
-0.047115
-0.145797
-0.193795
-0.251278
-0.325735
-0.349756
-0.356507
-0.363249
0.125480
0.342188
0.311892
0.252582
0.313029
0.294579
0.290333
0.379525
0.411181
0.392273
0.379048
0.397241
0.391583
0.401007
0.403937
0.365114
0.318274
0.182135
0.052572
-0.048596
-0.104674
-0.151808
-0.224864
-0.248271
-0.260125
-0.285826
-0.310411
0.357779
0.618149
0.493973
0.443368
0.481931
0.403498
0.378269
0.444793
0.432978
0.379251
0.321169
0.419665
0.378413
0.361305
0.351092
0.341465
0.313417
0.211703
0.127084
0.045416
-0.020602
-0.063644
-0.131876
-0.182216
-0.212315
-0.250204
0.533432
0.767699
0.669909
0.682998
0.655191
0.575974
0.496726
0.499906
0.467987
0.378746
0.310043
0.411081
0.387406
0.340364
0.301184
0.316547
0.285565
0.194532
0.141440
0.077918
0.018918
0.480628
0.755585
0.869192
0.782231
0.795247
0.781758
0.748636
0.642298
0.550249
0.507020
0.444300
0.342898
0.393371
0.377759
0.340957
0.306097
0.311529
0.267244
0.170196
0.105833
0.004451
-0.048965
0.632360
0.917054
0.909005
0.830918
0.834846
0.801646
0.828514
0.748808
0.611231
0.553921
0.485872
0.356995
0.375476
0.322085
0.305410
0.315355
0.297034
0.232127
0.125666
0.040963
-0.084159
0.407954
0.599145
0.779242
0.884428
0.890219
0.851126
0.885780
0.802659
0.783805
0.808907
0.663590
0.553936
0.459774
0.330528
0.308125
0.252495
0.272679
0.273042
0.216523
0.115055
0.002700
-0.116208
-0.207541
0.439875
0.664375
0.814057
0.955225
1.019549
0.956761
0.946590
0.796424
0.706604
0.719223
0.661999
0.553271
0.433718
0.305953
0.256421
0.204464
0.203783
0.150776
0.066315
-0.087306
-0.223144
-0.360001
0.392375
0.568621
0.725846
0.986211
1.184205
1.048503
0.948438
0.752749
0.601808
0.499682
0.473244
0.399922
0.308483
0.218145
0.155855
0.099681
0.058360
-0.030779
-0.149201
-0.311197
-0.466832
0.022228
0.438449
0.621398
0.860330
1.016369
1.270523
1.089980
0.943922
0.741516
0.557964
0.354966
0.235592
0.113183
0.074133
0.011423
-0.050631
-0.091134
-0.169723
-0.254837
-0.376352
-0.523514
-0.654486
0.008449
0.509480
0.655896
0.983440
1.142287
1.267357
1.146092
1.010235
0.818704
0.620824
0.307303
0.086122
-0.133338
-0.193756
-0.265419
-0.326569
-0.347787
-0.420330
-0.528505
-0.587257
-0.700313
-0.797948
-0.485900
0.023319
0.478505
0.638104
0.879191
1.075634
1.193900
1.161061
1.068162
0.891606
0.620093
0.225006
-0.035761
-0.344355
-0.434991
-0.522217
-0.566843
-0.584684
-0.624325
-0.716934
-0.763856
-0.838987
-0.757329
-0.429320
0.099475
0.303417
0.450173
0.655364
0.913608
1.116236
1.102413
1.005357
0.808582
0.489028
0.106772
-0.176736
-0.514427
-0.661202
-0.735665
-0.769583
-0.779424
-0.787474
-0.830854
-0.879063
-0.757144
-0.501970
-0.278655
-0.065860
0.148704
0.366893
0.686704
0.943630
1.023138
0.826551
0.627409
0.309918
-0.021674
-0.310299
-0.657303
-0.864541
-0.938182
-0.944048
-0.922567
-0.897914
-0.922315
-1.050372
-0.793268
-0.816938
-0.702353
-0.450625
-0.205868
0.064261
0.376825
0.618320
0.728311
0.578005
0.360860
0.133219
-0.193502
-0.476347
-0.797220
-1.020116
-1.116440
-1.106555
-1.060442
-1.006739
-1.041748
-1.053539
-0.888536
-1.033040
-0.818931
-0.710850
-0.643121
-0.303586
0.071974
0.284402
0.346058
0.266315
-0.000826
-0.176351
-0.443872
-0.672159
-0.958004
-1.171004
-1.289136
-1.276576
-1.213444
-0.957745
-0.931694
-0.929496
-0.701962
-0.318442
-0.090730
-0.021571
-0.074437
-0.365390
-0.520876
-0.763005
-0.885917
-1.080332
-1.113648
-0.970878
-0.652781
-0.472573
-0.422093
-0.519037
-0.711133
-0.866536
-1.095714
-1.158362
-1.035613
-0.824954
-0.690331
-0.694541
-0.860084
-1.021284
-1.188769
-1.055076
-1.057537
-0.928342
-0.796708
-0.768176
-0.812047
-1.005838
-1.202038
-0.951735
-0.937393
-0.848264
-0.769665
-0.774328
-0.842818
-1.019347
-0.793400
-0.274773
-0.299696
-0.077916
-0.073811
-0.022192
-0.024621
-0.075181
-0.119792
-0.141756
-0.154013
-0.295860
-0.146614
-0.012311
-0.003844
-0.017571
-0.044912
-0.084549
-0.113021
-0.128186
-0.133675
-0.227632
0.000876
0.017581
0.037615
0.029250
-0.015109
-0.045173
-0.078114
-0.091063
-0.081947
-0.052302
-0.030678
-0.406403
-0.210193
0.018605
-0.019708
0.062328
0.084412
0.051436
0.026898
0.013231
0.014397
0.020619
0.036545
0.046335
0.003284
-0.050951
-0.118617
-0.195182
-0.282098
-0.304715
-0.065239
-0.043617
-0.037431
0.073318
0.114614
0.121596
0.116932
0.137381
0.163216
0.145013
0.142450
0.123781
0.043795
-0.036980
-0.114817
-0.185513
-0.265635
-0.356228
-0.419744
-0.316852
-0.035735
0.065691
-0.081654
-0.020555
0.093083
0.163419
0.203495
0.215214
0.250725
0.285741
0.276445
0.270128
0.224624
0.099145
-0.032278
-0.127143
-0.193359
-0.266091
-0.362580
-0.441595
-0.445996
-0.415909
-0.227463
-0.099825
0.095394
0.039393
-0.048004
0.058232
0.143724
0.217895
0.254933
0.279161
0.323522
0.362647
0.373755
0.378048
0.330642
0.206174
0.015791
-0.121279
-0.206610
-0.280850
-0.366810
-0.442331
-0.448271
-0.409550
-0.376773
-0.261744
-0.036134
0.251451
0.135635
0.031124
0.030180
0.121166
0.203137
0.286773
0.309770
0.335120
0.365394
0.395301
0.434723
0.427842
0.379535
0.257954
0.049610
-0.111366
-0.199005
-0.243349
-0.309309
-0.383015
-0.405007
-0.389329
-0.376865
-0.106884
0.091799
0.287534
0.167775
0.131010
0.143950
0.194909
0.287187
0.350442
0.359872
0.381860
0.372273
0.388155
0.419178
0.411387
0.367252
0.272737
0.085729
-0.060041
-0.153063
-0.193585
-0.241289
-0.303618
-0.318584
-0.321349
-0.327745
0.076719
0.285188
0.249871
0.200390
0.267360
0.261214
0.270704
0.354971
0.386469
0.373103
0.359934
0.376913
0.362057
0.357577
0.349136
0.313287
0.274718
0.143903
0.021515
-0.070783
-0.116352
-0.153711
-0.216186
-0.233442
-0.244051
-0.269260
-0.289761
0.281015
0.532985
0.419229
0.382616
0.425654
0.369096
0.357855
0.419676
0.410179
0.365058
0.314180
0.402135
0.352398
0.321462
0.299583
0.287169
0.261275
0.161241
0.083207
0.012562
-0.039492
-0.075226
-0.133761
-0.177640
-0.206782
-0.245029
0.438046
0.660054
0.576687
0.600891
0.589496
0.533711
0.474564
0.479595
0.451341
0.369728
0.309756
0.394334
0.358027
0.303608
0.254479
0.263111
0.230391
0.139395
0.091262
0.040177
0.000312
0.380463
0.640207
0.742413
0.671111
0.699935
0.706543
0.693351
0.615362
0.536444
0.498444
0.437996
0.344556
0.381505
0.348432
0.304142
0.260376
0.257095
0.210062
0.112845
0.056633
-0.025013
-0.057333
0.525622
0.789308
0.780473
0.713927
0.736109
0.725240
0.763802
0.712883
0.599326
0.549691
0.486051
0.363493
0.368371
0.301457
0.276162
0.274483
0.248490
0.179268
0.072261
0.000955
-0.101305
0.322993
0.499500
0.665225
0.770750
0.774197
0.740767
0.787535
0.730247
0.724673
0.762348
0.648834
0.559153
0.473899
0.348980
0.315187
0.251423
0.257500
0.246020
0.186355
0.079766
-0.034623
-0.135915
-0.206726
0.350946
0.560031
0.698233
0.835483
0.903137
0.846381
0.847913
0.729961
0.659675
0.682360
0.645048
0.558451
0.455979
0.336481
0.279135
0.220969
0.206924
0.149168
0.065430
-0.089699
-0.225013
-0.343968
0.300800
0.464628
0.610723
0.855448
1.048113
0.931840
0.849793
0.692564
0.567752
0.490159
0.478461
0.422132
0.346611
0.263567
0.199115
0.139484
0.089673
-0.000982
-0.115179
-0.278409
-0.429616
-0.020056
0.344699
0.505643
0.725502
0.877773
1.113952
0.961314
0.840408
0.680707
0.531247
0.365940
0.270583
0.168555
0.138741
0.083927
0.024325
-0.021649
-0.104662
-0.191725
-0.311307
-0.461181
-0.589525
-0.020784
0.418261
0.542874
0.835352
0.984624
1.102590
1.001733
0.893879
0.748492
0.589758
0.324649
0.138953
-0.050784
-0.100885
-0.161378
-0.218375
-0.247065
-0.322759
-0.430811
-0.496809
-0.616974
-0.714289
-0.439478
0.000655
0.397509
0.527970
0.737929
0.913475
1.024613
1.004000
0.938585
0.805248
0.583198
0.244880
0.024277
-0.241737
-0.319472
-0.393518
-0.434167
-0.457282
-0.501051
-0.594053
-0.653277
-0.737774
-0.680469
-0.389030
0.074375
0.250284
0.360341
0.533023
0.760390
0.941515
0.936661
0.867541
0.710246
0.446025
0.123257
-0.117465
-0.401278
-0.526622
-0.588181
-0.617453
-0.631160
-0.644313
-0.694271
-0.755404
-0.682777
-0.443504
-0.248688
-0.071931
0.090763
0.268431
0.551047
0.778610
0.852575
0.688576
0.524353
0.262988
-0.011495
-0.259110
-0.542454
-0.713049
-0.771116
-0.773782
-0.759483
-0.743636
-0.779374
-0.961426
-0.713321
-0.720700
-0.622931
-0.411707
-0.219881
-0.008149
0.260138
0.476937
0.576405
0.447516
0.267142
0.080852
-0.188223
-0.423350
-0.681573
-0.856782
-0.930500
-0.919480
-0.885120
-0.845693
-0.892666
-0.959434
-0.796057
-0.914531
-0.725338
-0.635389
-0.594480
-0.330052
-0.023137
0.159976
0.216853
0.152144
-0.066586
-0.204760
-0.423024
-0.606087
-0.834066
-0.997869
-1.088502
-1.073924
-1.027205
-0.840156
-0.814002
-0.824935
-0.654796
-0.350385
-0.168599
-0.110780
-0.146616
-0.379999
-0.501752
-0.697289
-0.794350
-0.935803
-0.969242
-0.864166
-0.610117
-0.466585
-0.427188
-0.502451
-0.657458
-0.783215
-0.970417
-1.009651
-0.909081
-0.731734
-0.620195
-0.629227
-0.768124
-0.905217
-1.045927
-0.929185
-0.928414
-0.814863
-0.697327
-0.668879
-0.709650
-0.877572
-1.051315
-0.845518
-0.827146
-0.744185
-0.669088
-0.669663
-0.731821
-0.887392
-0.689199
