-0.203037
-0.214688
-0.040967
-0.017824
0.033692
0.032554
-0.012292
-0.056450
-0.084881
-0.104339
-0.227248
-0.097846
0.018380
0.044337
0.049454
0.029110
-0.007336
-0.037971
-0.059800
-0.073110
-0.170833
0.020328
0.055158
0.088916
0.097464
0.065777
0.037889
0.006079
-0.012315
-0.014095
-0.003177
-0.000593
-0.327761
-0.142925
0.047812
0.043377
0.122971
0.154180
0.132662
0.111001
0.095872
0.088768
0.085321
0.084267
0.074594
0.024285
-0.037915
-0.112681
-0.196362
-0.285907
-0.219168
-0.018033
0.020362
0.045541
0.147731
0.193506
0.204099
0.199563
0.211233
0.224090
0.202810
0.185778
0.150555
0.068570
-0.015777
-0.100725
-0.182860
-0.270206
-0.362291
-0.426377
-0.229722
-0.000354
0.099557
0.014000
0.077253
0.179358
0.244879
0.282260
0.293357
0.317582
0.338563
0.323758
0.302132
0.244851
0.125042
-0.001460
-0.102338
-0.182267
-0.265986
-0.364373
-0.443069
-0.457238
-0.434958
-0.154082
-0.033485
0.130712
0.112182
0.064467
0.156794
0.236029
0.302442
0.336756
0.357901
0.388884
0.412917
0.413837
0.400472
0.340734
0.219759
0.046611
-0.089124
-0.185347
-0.270061
-0.360799
-0.438594
-0.456155
-0.430911
-0.402327
-0.164817
0.028134
0.254551
0.200796
0.138559
0.149253
0.227207
0.298517
0.367033
0.388808
0.409218
0.429811
0.447453
0.469042
0.448708
0.390194
0.273009
0.085836
-0.069423
-0.169773
-0.233965
-0.309014
-0.385384
-0.415011
-0.408872
-0.397591
-0.010549
0.169991
0.334780
0.265543
0.246744
0.262001
0.304294
0.374697
0.423854
0.431988
0.447045
0.438307
0.444871
0.459469
0.439358
0.386253
0.291494
0.122501
-0.020324
-0.123227
-0.184333
-0.246299
-0.313529
-0.339442
-0.348927
-0.354766
0.177768
0.364358
0.365127
0.332342
0.382256
0.377695
0.382435
0.438346
0.457065
0.442879
0.429398
0.437564
0.420915
0.408302
0.388417
0.344296
0.293239
0.168691
0.046615
-0.052884
-0.116169
-0.169078
-0.235301
-0.264764
-0.282527
-0.306127
-0.318740
0.383916
0.598434
0.534566
0.509939
0.535431
0.487055
0.468151
0.499111
0.478894
0.433052
0.388055
0.444725
0.400527
0.368451
0.338859
0.314709
0.275628
0.176669
0.090255
0.010769
-0.054615
-0.105701
-0.166728
-0.214176
-0.246719
-0.282534
0.550482
0.742846
0.696585
0.712194
0.693474
0.635163
0.573469
0.554782
0.511763
0.431028
0.372627
0.423705
0.385858
0.336496
0.287645
0.279357
0.237168
0.146585
0.083767
0.022276
-0.030421
0.502903
0.742831
0.845336
0.803350
0.819630
0.809305
0.774170
0.689568
0.601723
0.544324
0.471381
0.381543
0.393603
0.355593
0.311890
0.266687
0.248626
0.195377
0.101426
0.035730
-0.044082
-0.088819
0.650900
0.887199
0.909240
0.866421
0.872307
0.844416
0.838950
0.764348
0.642276
0.569261
0.488525
0.371650
0.354023
0.289061
0.259490
0.243784
0.207223
0.136612
0.036240
-0.040241
-0.132682
0.383597
0.596298
0.782436
0.907665
0.933874
0.910351
0.925950
0.854382
0.813253
0.790699
0.661977
0.553621
0.450687
0.325761
0.276128
0.211482
0.202573
0.178695
0.117104
0.017126
-0.089748
-0.184699
-0.251110
0.412179
0.652363
0.823617
0.972904
1.045384
1.001183
0.976013
0.851799
0.752566
0.711968
0.630117
0.515882
0.394364
0.269543
0.199302
0.135458
0.109262
0.051471
-0.029001
-0.164441
-0.285243
-0.389665
0.369219
0.583261
0.769215
0.994846
1.156676
1.067682
0.977083
0.813692
0.661977
0.540073
0.467234
0.364861
0.259527
0.156274
0.078379
0.011837
-0.042769
-0.125233
-0.226411
-0.366817
-0.495313
0.005546
0.384423
0.601633
0.839260
1.007781
1.201365
1.085171
0.961457
0.787442
0.606634
0.409488
0.261965
0.117050
0.038429
-0.045658
-0.121488
-0.180368
-0.258576
-0.336923
-0.439385
-0.566419
-0.674140
-0.023546
0.410919
0.604796
0.898640
1.067128
1.179051
1.099149
0.982226
0.812602
0.614915
0.331512
0.106352
-0.113615
-0.213610
-0.304631
-0.380307
-0.423706
-0.494112
-0.583818
-0.643863
-0.743358
-0.823179
-0.478119
-0.045444
0.353540
0.550937
0.787703
0.979331
1.090772
1.068762
0.982424
0.818017
0.567037
0.220424
-0.040761
-0.325210
-0.452077
-0.556240
-0.620118
-0.655833
-0.697976
-0.771858
-0.821022
-0.887493
-0.789855
-0.480614
-0.048323
0.189488
0.366892
0.577655
0.808731
0.973782
0.970063
0.880755
0.696739
0.410027
0.069782
-0.211984
-0.513640
-0.680180
-0.776504
-0.829547
-0.854783
-0.869101
-0.905631
-0.949776
-0.823718
-0.575368
-0.340745
-0.119011
0.089100
0.302195
0.576478
0.780909
0.836410
0.680414
0.489724
0.205083
-0.101135
-0.387366
-0.688201
-0.887696
-0.980899
-1.011269
-1.012089
-0.999192
-1.019209
-1.122991
-0.884922
-0.826361
-0.681935
-0.449711
-0.231867
0.002223
0.266211
0.466333
0.542502
0.412190
0.213681
-0.011781
-0.309981
-0.582610
-0.860240
-1.058453
-1.159352
-1.176021
-1.157269
-1.122650
-1.139461
-1.137344
-0.978763
-1.014919
-0.822683
-0.695126
-0.596467
-0.335571
-0.049022
0.124866
0.171553
0.091254
-0.129793
-0.313920
-0.567066
-0.790412
-1.036572
-1.220206
-1.328012
-1.336609
-1.302644
-0.957440
-0.894094
-0.847816
-0.664779
-0.390554
-0.224184
-0.179615
-0.236296
-0.463060
-0.627697
-0.851561
-0.999365
-1.031092
-1.015810
-0.893630
-0.668434
-0.537861
-0.510384
-0.596772
-0.764044
-0.925730
-1.129090
-1.086064
-0.980265
-0.822484
-0.725639
-0.740324
-0.873882
-1.026690
-1.189566
-1.064333
-1.046492
-0.943128
-0.839043
-0.812285
-0.858284
-1.014831
-1.191620
-0.998381
-0.975766
-0.903431
-0.840171
-0.843902
-0.908585
-1.058028
-0.861724
-0.184917
-0.211243
-0.082573
-0.059742
-0.006451
-0.001533
-0.035843
-0.072353
-0.097763
-0.113750
-0.216128
-0.123788
-0.041523
-0.017114
0.000959
-0.007320
-0.034006
-0.056913
-0.073958
-0.084051
-0.175637
-0.033186
-0.013840
0.017267
0.038871
0.023105
0.004620
-0.018392
-0.031499
-0.031216
-0.020675
-0.017931
-0.302650
-0.155767
-0.012674
-0.023714
0.048253
0.089907
0.083699
0.071216
0.063063
0.057995
0.056126
0.054720
0.045658
0.001153
-0.052320
-0.117485
-0.194217
-0.277784
-0.219738
-0.056310
-0.036347
-0.017179
0.075856
0.131081
0.153296
0.154921
0.168584
0.179693
0.160914
0.144091
0.112652
0.042024
-0.028912
-0.103385
-0.179806
-0.262067
-0.349780
-0.410948
-0.235678
-0.041350
0.035912
-0.036403
0.022055
0.115972
0.185163
0.230448
0.246412
0.268404
0.285167
0.270319
0.248845
0.198798
0.095463
-0.013275
-0.101467
-0.175571
-0.253800
-0.344918
-0.417872
-0.432415
-0.413763
-0.170776
-0.067638
0.068416
0.051855
0.019147
0.107385
0.184349
0.250291
0.290703
0.313600
0.338698
0.355977
0.353408
0.338130
0.285047
0.180893
0.030252
-0.089618
-0.177039
-0.253229
-0.334617
-0.405601
-0.420884
-0.398296
-0.373998
-0.180458
-0.012214
0.179816
0.134440
0.090039
0.110056
0.189063
0.258575
0.322756
0.347767
0.367536
0.382787
0.392752
0.406699
0.383383
0.330180
0.230064
0.065749
-0.073917
-0.166904
-0.224613
-0.290197
-0.356953
-0.380211
-0.371873
-0.361413
-0.046882
0.114398
0.252866
0.200958
0.199104
0.222693
0.271937
0.339516
0.385824
0.397416
0.409858
0.400374
0.399204
0.403025
0.376360
0.327864
0.247079
0.095984
-0.035774
-0.130695
-0.185193
-0.238791
-0.295716
-0.315507
-0.322294
-0.327177
0.116003
0.289347
0.290355
0.270550
0.326507
0.335174
0.352477
0.405637
0.425782
0.417245
0.404751
0.409705
0.385571
0.361629
0.332282
0.289211
0.243833
0.128563
0.016550
-0.073010
-0.127612
-0.172437
-0.229027
-0.253882
-0.270253
-0.292269
-0.301395
0.294698
0.495370
0.446521
0.436580
0.469279
0.442518
0.438172
0.468226
0.452700
0.415289
0.376408
0.420910
0.370349
0.327626
0.288321
0.260309
0.222093
0.128152
0.049340
-0.019583
-0.073809
-0.118322
-0.170327
-0.212038
-0.242931
-0.277569
0.441994
0.620359
0.590849
0.618475
0.616942
0.582428
0.541164
0.528612
0.492387
0.420781
0.369323
0.404655
0.356737
0.300784
0.243759
0.227806
0.183937
0.096492
0.038837
-0.011874
-0.050907
0.391867
0.612900
0.707960
0.683684
0.715151
0.724201
0.709592
0.651404
0.580585
0.531752
0.464353
0.382278
0.382071
0.330914
0.279700
0.226083
0.198990
0.143478
0.052435
-0.006142
-0.070080
-0.099921
0.529161
0.743600
0.769430
0.742293
0.765233
0.759155
0.767874
0.719105
0.622419
0.560664
0.487289
0.378733
0.350192
0.275787
0.237278
0.209482
0.164857
0.091505
-0.006231
-0.071906
-0.146011
0.286921
0.480204
0.650654
0.772916
0.801811
0.789293
0.817689
0.772626
0.748454
0.739816
0.641036
0.553096
0.461526
0.344564
0.287349
0.216409
0.194232
0.158631
0.092616
-0.009097
-0.114130
-0.195272
-0.246564
0.312256
0.531342
0.689707
0.831840
0.906750
0.874943
0.865020
0.773930
0.699260
0.672544
0.610939
0.518776
0.414421
0.299990
0.225946
0.157026
0.118966
0.055710
-0.025691
-0.159236
-0.276323
-0.366923
0.270772
0.466935
0.638297
0.845832
0.999035
0.932661
0.865063
0.740839
0.620389
0.525634
0.470269
0.386223
0.296772
0.202731
0.125223
0.055504
-0.006240
-0.090554
-0.189318
-0.327655
-0.450375
-0.043134
0.284178
0.477503
0.692814
0.852026
1.027794
0.940431
0.845710
0.713797
0.570540
0.412398
0.292511
0.170515
0.103249
0.027996
-0.044603
-0.107592
-0.188895
-0.269100
-0.370306
-0.497161
-0.601846
-0.062402
0.310654
0.481346
0.739197
0.894977
0.999963
0.941796
0.854721
0.728755
0.572739
0.339839
0.153487
-0.033526
-0.119842
-0.199271
-0.270377
-0.318939
-0.391458
-0.480833
-0.547252
-0.651072
-0.731446
-0.445399
-0.078508
0.262603
0.431911
0.637386
0.807591
0.911593
0.902607
0.842884
0.720148
0.519855
0.232667
0.015244
-0.224692
-0.334252
-0.424412
-0.483850
-0.523238
-0.569146
-0.643824
-0.702936
-0.777026
-0.721140
-0.450675
-0.081368
0.124832
0.270322
0.449500
0.649861
0.795168
0.800372
0.737625
0.594009
0.362932
0.083404
-0.151391
-0.400348
-0.541740
-0.623943
-0.672142
-0.700467
-0.720499
-0.763365
-0.818150
-0.755162
-0.528574
-0.325185
-0.137914
0.027100
0.202741
0.438979
0.615441
0.667715
0.544153
0.390955
0.161791
-0.087098
-0.326623
-0.568463
-0.731590
-0.808588
-0.835702
-0.842749
-0.839302
-0.869209
-1.031680
-0.810170
-0.744275
-0.617067
-0.422614
-0.250140
-0.065350
0.156091
0.330138
0.398018
0.291570
0.131616
-0.050247
-0.291800
-0.514724
-0.734732
-0.889695
-0.969479
-0.984679
-0.975977
-0.955182
-0.982986
-1.042736
-0.891732
-0.908783
-0.740218
-0.631460
-0.556716
-0.356476
-0.128415
0.017415
0.059924
-0.003439
-0.178554
-0.324270
-0.528584
-0.706736
-0.900037
-1.040453
-1.124004
-1.131088
-1.111024
-0.852574
-0.793130
-0.758626
-0.621993
-0.412077
-0.283155
-0.246926
-0.287305
-0.463381
-0.593525
-0.772390
-0.890988
-0.904377
-0.891006
-0.799932
-0.627623
-0.527277
-0.507084
-0.573707
-0.706063
-0.836312
-0.999737
-0.951709
-0.866324
-0.739340
-0.662701
-0.678629
-0.787573
-0.914724
-1.049216
-0.942872
-0.923574
-0.835614
-0.746859
-0.722780
-0.763950
-0.895798
-1.047445
-0.891756
-0.866662
-0.801553
-0.744311
-0.746239
-0.803612
-0.931990
-0.761207
