-0.039573
0.337296
0.284331
0.419282
0.366375
-0.095430
-0.231620
-0.089887
-0.260018
-0.169415
0.156944
0.394630
0.569732
0.595201
0.819135
1.009397
0.975430
0.603322
0.601205
0.646672
0.312871
-0.182747
-0.641377
-0.719068
-0.576400
-0.308162
0.219593
0.576991
0.302658
-0.324926
-0.632468
-0.660967
-0.678155
-0.555627
-0.741438
-0.173358
0.362021
0.420234
0.235737
0.369500
-0.186264
-0.280474
-0.126887
-0.371983
-0.309568
0.013431
0.409364
0.525487
0.612781
0.839000
1.074353
1.029724
0.895139
0.869801
0.718638
0.086170
-0.271473
-0.303374
-0.345087
-0.269281
-0.081241
0.325024
0.584996
0.526111
0.206714
-0.167022
-0.226690
-0.327585
-0.397932
-0.413077
-0.197872
0.239766
0.153339
0.128796
-0.253703
-0.582466
-0.470609
-0.274407
-0.291366
-0.285394
0.003331
0.281008
0.475944
0.629521
0.807558
1.067121
1.268475
1.273641
0.959984
0.596520
-0.197071
-0.399074
-0.262715
-0.190288
0.099707
0.213123
0.362727
0.496018
0.538361
0.487503
0.271888
0.069805
-0.081817
-0.132176
-0.233046
-0.183720
0.010871
-0.133598
-0.365202
-0.676894
-0.597972
-0.452689
-0.430479
-0.378672
-0.312116
-0.029915
0.178816
0.397136
0.631709
0.916150
1.197675
1.538495
1.344149
0.694924
0.317651
-0.462039
-0.460752
-0.127950
0.087097
0.268173
0.258385
0.360232
0.472921
0.580437
0.455219
0.284785
0.113670
0.032468
-0.018694
-0.036729
-0.288445
-0.182968
-0.333376
-0.680364
-0.680282
-0.572514
-0.483952
-0.418106
-0.492947
-0.360202
-0.067449
0.130127
0.355749
0.652134
0.947349
1.094600
1.237343
0.967182
0.376933
0.065730
-0.622746
-0.476255
-0.063485
0.167560
0.266827
0.208476
0.295457
0.440212
0.697441
0.519060
0.278450
0.184362
0.171304
0.148256
0.118822
-0.429818
-0.511474
-0.712245
-0.890114
-0.838910
-0.752438
-0.702682
-0.415079
-0.626858
-0.496829
-0.137968
0.026168
0.359134
0.623244
0.798490
0.879023
0.910960
0.566339
0.074896
-0.187810
-0.727656
-0.448353
-0.020044
0.221984
0.236016
0.094761
0.122255
0.271806
0.685565
0.674226
0.454545
0.227127
0.181578
0.176843
0.206344
-0.169102
-0.404064
-0.776921
-0.972381
-0.968984
-0.879061
-0.811752
-0.625444
-0.748341
-0.560698
-0.214703
-0.147127
0.038555
0.368046
0.576698
0.721124
0.739823
0.488671
0.238948
-0.466179
-0.924702
-0.437387
0.063228
0.278587
0.182370
-0.029050
-0.048290
0.073125
0.526653
0.790017
0.598344
0.308901
0.191052
0.200584
0.279181
-0.043263
-0.114068
-0.466160
-0.623707
-0.645856
-0.608387
-0.553581
-0.508901
-0.337461
-0.224708
-0.109711
-0.088012
-0.123455
0.123906
0.329222
0.569952
0.618755
0.351911
0.065515
-0.864772
-1.046015
-0.379249
0.126895
0.345764
0.173140
-0.073553
-0.069442
0.097625
0.470410
0.654269
0.591507
0.308479
0.164308
0.197557
0.231576
0.143612
0.366781
0.487590
0.378253
0.086357
-0.097535
-0.261157
-0.350116
-0.134424
-0.125579
-0.177024
-0.061686
0.003144
0.104434
0.243769
0.494044
0.657249
0.274721
-0.223291
-0.824590
-0.654395
-0.312155
0.156544
0.368093
0.184645
-0.024080
0.088466
0.301643
0.473034
0.477888
0.429393
0.234165
0.122682
0.124747
0.109938
-0.043082
0.192868
0.408374
0.908123
1.079712
0.824922
0.389604
-0.017289
-0.048181
-0.252426
-0.248704
-0.024848
0.081989
0.108123
0.237355
0.515538
0.738828
0.290306
-0.340425
-0.637415
-0.338026
-0.253400
0.101018
0.393849
0.220979
0.096119
0.229948
0.424946
0.475544
0.395321
0.289192
0.131515
0.056179
0.051850
0.012201
-0.083299
0.117681
0.239326
0.525496
1.242606
1.231870
0.664635
0.088623
0.027356
-0.049143
-0.218102
-0.095711
0.003801
0.089889
0.288345
0.561084
0.641601
0.206132
-0.430171
-0.544103
-0.403765
-0.336078
0.015762
0.431410
0.239978
0.147055
0.233863
0.391857
0.414091
0.309837
0.204309
0.026998
-0.046708
-0.000385
-0.010985
-0.064430
-0.137920
-0.204296
-0.032198
0.411512
0.510812
0.263247
0.201004
0.192846
0.036725
-0.179479
-0.219203
-0.055219
0.079313
0.221040
0.451639
0.530509
0.301689
-0.290151
-0.605949
-0.563388
-0.437785
-0.077027
0.441495
0.259312
0.138986
0.208892
0.302670
0.327678
0.232474
0.132695
-0.035909
-0.082334
-0.030350
-0.013068
-0.065591
-0.223416
-0.541332
-0.596145
-0.434077
-0.068140
0.125807
0.302016
0.439450
0.191313
-0.202811
-0.292426
-0.069617
-0.067476
0.069136
0.235510
0.309807
0.168219
-0.367908
-0.731642
-0.679177
-0.504767
-0.150946
0.365346
0.250909
0.134843
0.183695
0.265449
0.276519
0.213928
0.087725
-0.006319
0.008889
0.024955
0.005469
-0.300638
-0.151389
-0.528652
-0.667856
-0.703679
-0.532059
-0.118621
0.141943
0.317182
0.000596
-0.272637
-0.399882
-0.111799
-0.156493
-0.065591
0.099274
0.140754
-0.003736
-0.513865
-0.817408
-0.743364
-0.544929
-0.200657
0.300308
0.206440
0.093879
0.169497
0.217532
0.220507
0.201683
0.068057
0.057006
0.090782
0.105397
0.107309
-0.449304
-0.425941
-0.628697
-0.709202
-0.841653
-0.872641
-0.079478
0.147718
0.358333
-0.021975
-0.205143
-0.489928
-0.412688
-0.375128
-0.291601
-0.044604
-0.022027
-0.187076
-0.686886
-0.889337
-0.768747
-0.571717
-0.272957
0.189888
0.135126
0.000078
0.103163
0.223337
0.270212
0.185044
0.115350
0.070969
0.111191
0.124026
0.155352
-0.553626
-0.768607
-1.045379
-1.043876
-0.925913
-0.917298
-0.351571
0.026077
0.188458
0.016764
-0.077819
-0.512085
-0.760115
-0.551455
-0.451174
-0.303265
-0.206488
-0.317565
-0.740773
-0.894968
-0.774025
-0.600087
-0.345676
0.076475
0.073715
-0.088164
0.016978
0.139421
0.184576
0.191574
0.148884
0.104601
0.100112
0.115624
0.134839
-0.703779
-0.967626
-1.298249
-1.253486
-1.147392
-1.053513
-0.783148
-0.595964
-0.520635
-0.583659
-0.560769
-0.575097
-0.866508
-0.845184
-0.583850
-0.376524
-0.343260
-0.490322
-0.828702
-0.896774
-0.753203
-0.613910
-0.382114
0.011989
0.112917
-0.076813
0.015490
0.117449
0.130779
0.156500
0.110327
0.083714
0.062459
0.058553
0.062777
-0.801127
-0.998583
-1.323669
-1.370159
-1.328213
-1.200040
-1.028090
-0.922168
-0.913728
-0.861847
-0.775602
-0.805999
-0.856689
-0.924717
-0.789852
-0.512982
-0.515178
-0.791675
-0.957277
-0.908783
-0.742585
-0.606018
-0.371723
-0.038616
0.148948
-0.037536
0.012553
0.141912
0.104596
0.130804
0.091594
0.059081
0.020607
-0.012891
-0.041126
-0.895101
-1.090178
-1.323657
-1.375300
-1.400388
-1.369210
-1.170708
-0.892910
-0.829578
-0.546263
-0.164912
-0.185320
-0.500812
-0.497031
-0.579055
-0.556722
-0.763703
-1.004286
-1.068686
-0.953180
-0.743083
-0.598331
-0.349525
-0.051777
0.142562
-0.064853
-0.128070
0.043066
0.105145
0.097562
0.064920
0.010132
-0.037863
-0.083054
-0.103123
-1.451009
-1.426802
-1.384632
-1.304441
-1.396880
-1.395343
-1.246783
-0.965322
-0.644113
-0.160504
0.130269
-0.121483
-0.409484
-0.324655
-0.347443
-0.564196
-0.871746
-1.069522
-1.099592
-0.964539
-0.714696
-0.510891
-0.253297
-0.001444
0.158404
-0.091433
-0.213845
-0.087469
0.111528
0.096396
0.031431
-0.029708
-0.069061
-0.115621
-0.127890
-1.280829
-1.301911
-1.346141
-1.287521
-1.330386
-1.375215
-1.224987
-0.865312
-0.425454
-0.163425
0.031040
-0.218784
-0.411592
-0.335355
-0.441549
-0.855080
-1.139474
-1.178381
-1.090747
-0.966856
-0.680283
-0.346077
-0.104819
0.075009
0.163869
-0.100935
-0.269547
-0.214762
0.055086
0.086795
0.028379
-0.002232
-0.049597
-0.088134
-0.104135
-1.059253
-0.941080
-0.915784
-0.962585
-1.335450
-1.418485
-1.304912
-0.950933
-0.525694
-0.130810
0.147325
-0.063676
-0.373902
-0.384933
-0.565240
-1.045413
-1.259151
-1.208957
-1.109350
-1.029258
-0.720696
-0.233053
-0.006785
0.121926
0.164126
0.044587
-0.224833
-0.305764
-0.091210
-0.026432
-0.044151
-0.046450
-0.037859
-0.015465
-0.048633
-1.323649
-1.044645
-0.752125
-0.054746
-1.100452
-1.516500
-1.478141
-1.185357
-0.810580
-0.415604
-0.099441
-0.095161
-0.435354
-0.359444
-0.632947
-1.097727
-1.278748
-1.255956
-1.225886
-1.101818
-0.651587
-0.032376
0.094383
0.156472
0.224084
0.205057
0.018027
-0.156984
-0.092106
-0.133019
-0.159260
-0.105436
-0.040946
0.025954
0.021155
-1.571407
-1.130108
-0.578326
-0.273090
-0.543744
-1.197067
-1.326320
-1.269174
-0.911193
-0.515278
-0.217149
-0.044586
0.136765
0.197901
-0.254196
-0.781913
-1.056616
-1.147090
-1.176819
-0.917387
-0.278060
0.286688
0.284621
0.235618
0.264888
0.316726
0.270293
0.164333
0.120090
0.030387
-0.008523
0.052172
0.111586
0.150629
0.172274
-1.645665
-1.134015
-0.731829
-0.634819
-0.557564
-0.767733
-1.045611
-1.088136
-0.811671
-0.410877
0.127892
0.388668
0.453664
-0.016012
-0.549977
-0.973957
-1.190561
-1.229592
-1.072562
-0.423623
0.212012
0.483220
0.401592
0.281711
0.276935
0.382961
0.325296
0.232907
0.215453
0.173672
0.107463
0.114206
0.139453
0.141021
0.137944
-1.721969
-1.262774
-0.902888
-0.872518
-0.519809
-0.494333
-0.750289
-0.781569
-0.704602
-0.355014
0.295364
0.650752
0.180109
-0.426216
-0.867519
-1.109285
-1.123185
-1.059877
-0.662001
0.003699
0.309118
0.512308
0.537397
0.440629
0.354381
0.386890
0.319268
0.141030
0.035225
0.094811
0.040777
-0.027404
-0.042334
-0.030031
-0.032083
-1.754744
-1.424795
-0.969348
-0.847093
-0.612962
-0.248850
-0.125490
-0.083493
0.055127
0.248607
0.574911
0.473179
-0.100782
-0.382385
-0.516656
-0.547899
-0.402166
0.096192
0.523070
0.495963
0.397375
0.497835
0.542141
0.487795
0.372280
0.200704
-0.055893
-0.251071
-0.329439
-0.264093
-0.123195
-0.145811
-0.166692
-0.140661
-0.144385
-0.092954
0.272262
0.231024
0.343207
0.315574
-0.076369
-0.187621
-0.050993
-0.181618
-0.097012
0.182825
0.385194
0.528383
0.508320
0.709389
0.891926
0.840817
0.485546
0.495072
0.556047
0.272387
-0.156666
-0.577701
-0.655555
-0.520067
-0.260428
0.233808
0.535643
0.266435
-0.281695
-0.546785
-0.578376
-0.600668
-0.492870
-0.648550
-0.211720
0.282428
0.342933
0.194744
0.329199
-0.132653
-0.218162
-0.093450
-0.301380
-0.242771
0.034001
0.383698
0.489612
0.526192
0.729848
0.948008
0.880893
0.744533
0.737033
0.623191
0.073948
-0.231444
-0.257924
-0.299829
-0.224687
-0.035514
0.342977
0.559713
0.483810
0.191577
-0.135606
-0.196775
-0.288806
-0.341324
-0.351376
-0.230684
0.179764
0.109381
0.110793
-0.199427
-0.479608
-0.388916
-0.247971
-0.270165
-0.253524
0.011534
0.265828
0.430663
0.540026
0.710327
0.942455
1.104491
1.096211
0.827315
0.520436
-0.174362
-0.344373
-0.219403
-0.152875
0.120288
0.242693
0.384515
0.496347
0.512182
0.453840
0.254165
0.070117
-0.067755
-0.109777
-0.186602
-0.217256
-0.019870
-0.125707
-0.315821
-0.583202
-0.512101
-0.395942
-0.402303
-0.356812
-0.287390
-0.020918
0.166893
0.348050
0.541651
0.812281
1.076018
1.369813
1.185679
0.605700
0.278793
-0.409005
-0.398939
-0.101012
0.097573
0.279563
0.288459
0.387054
0.479527
0.552208
0.429643
0.269807
0.115247
0.037972
-0.007259
-0.019406
-0.309776
-0.197816
-0.308126
-0.606402
-0.601793
-0.508560
-0.448177
-0.397650
-0.456627
-0.331828
-0.061741
0.111071
0.306003
0.567644
0.849360
0.993615
1.125199
0.879165
0.334696
0.064537
-0.550006
-0.414597
-0.047322
0.162005
0.274539
0.249428
0.340340
0.454316
0.652058
0.479659
0.263829
0.180113
0.167196
0.144997
0.116777
-0.441545
-0.490017
-0.651126
-0.803608
-0.755350
-0.683251
-0.658223
-0.398673
-0.580156
-0.464105
-0.137889
0.006435
0.299959
0.549339
0.723608
0.800123
0.837098
0.529414
0.079689
-0.155421
-0.648602
-0.393066
-0.009980
0.205434
0.234807
0.148032
0.197447
0.297246
0.634365
0.610150
0.416179
0.217595
0.176646
0.169159
0.195228
-0.213547
-0.407707
-0.720247
-0.889902
-0.886682
-0.814394
-0.767552
-0.594812
-0.702507
-0.535098
-0.221144
-0.152138
0.026210
0.336360
0.533472
0.663736
0.688290
0.465062
0.239371
-0.407263
-0.837170
-0.394742
0.061437
0.254043
0.182898
0.032397
0.017566
0.088655
0.485167
0.706479
0.537453
0.284139
0.182594
0.191936
0.261534
-0.103813
-0.151086
-0.452701
-0.587556
-0.608986
-0.583678
-0.544930
-0.504879
-0.355874
-0.245463
-0.119196
-0.080117
-0.095350
0.134403
0.316984
0.531196
0.580945
0.344457
0.084482
-0.770595
-0.953740
-0.341992
0.116343
0.312249
0.178103
-0.015826
-0.036096
0.094976
0.438808
0.601259
0.539714
0.284084
0.158292
0.187749
0.216201
0.058430
0.271887
0.391912
0.314953
0.053149
-0.113157
-0.278704
-0.371320
-0.172355
-0.143215
-0.163816
-0.045280
0.023193
0.117435
0.241024
0.465222
0.610100
0.261381
-0.185682
-0.734644
-0.592348
-0.273392
0.142072
0.329914
0.183471
0.004767
0.083897
0.259316
0.432940
0.444404
0.403463
0.223118
0.122313
0.122023
0.106299
-0.102253
0.109553
0.298890
0.752461
0.925626
0.724060
0.317142
-0.075453
-0.099745
-0.265854
-0.240901
-0.024417
0.081607
0.111622
0.230130
0.482844
0.673686
0.269508
-0.290743
-0.559956
-0.295839
-0.213585
0.093076
0.351102
0.209783
0.094664
0.197804
0.363450
0.428668
0.362397
0.273153
0.132794
0.063362
0.056594
0.017673
-0.133407
0.041919
0.145050
0.401377
1.054507
1.066017
0.548889
0.020506
-0.033965
-0.088401
-0.214016
-0.094343
-0.003004
0.086352
0.270640
0.521393
0.595066
0.205326
-0.365603
-0.469418
-0.350387
-0.294504
0.014935
0.382702
0.219303
0.125746
0.194920
0.335845
0.368882
0.278800
0.188713
0.033642
-0.035547
-0.000315
-0.013541
-0.101324
-0.174339
-0.243297
-0.096560
0.299483
0.391004
0.179412
0.129135
0.132906
0.008228
-0.171378
-0.202809
-0.053755
0.076943
0.207888
0.420392
0.498881
0.295193
-0.239803
-0.523830
-0.494798
-0.392705
-0.072307
0.386386
0.222831
0.107079
0.170451
0.261599
0.291588
0.206483
0.119372
-0.030228
-0.075791
-0.035220
-0.022120
-0.092271
-0.235441
-0.527574
-0.588547
-0.448315
-0.125826
0.071344
0.233724
0.367660
0.153895
-0.191407
-0.272676
-0.068912
-0.072496
0.057466
0.218865
0.293253
0.162279
-0.322382
-0.648107
-0.605563
-0.456366
-0.142327
0.313802
0.207374
0.101699
0.152075
0.236434
0.252064
0.192230
0.079737
-0.008051
0.000775
0.016234
-0.002872
-0.301137
-0.169418
-0.512351
-0.653382
-0.681393
-0.526942
-0.132833
0.104946
0.276516
-0.006889
-0.257216
-0.382651
-0.122407
-0.158057
-0.071152
0.089512
0.135900
0.004303
-0.455554
-0.729653
-0.667057
-0.492876
-0.186963
0.256357
0.168072
0.072403
0.148862
0.200676
0.205694
0.186139
0.062491
0.048214
0.076060
0.091316
0.091388
-0.438154
-0.422249
-0.614424
-0.699992
-0.800045
-0.811932
-0.093801
0.128527
0.325981
-0.030377
-0.202393
-0.460797
-0.395738
-0.354925
-0.271153
-0.037550
-0.009774
-0.162878
-0.617002
-0.802249
-0.692790
-0.517837
-0.250601
0.160282
0.109408
-0.004626
0.094276
0.206390
0.250516
0.168890
0.101949
0.058908
0.095609
0.109284
0.136431
-0.540679
-0.735776
-0.993850
-0.994571
-0.867956
-0.854068
-0.343071
0.011166
0.158406
-0.009531
-0.106196
-0.486328
-0.696553
-0.506526
-0.410727
-0.270941
-0.177817
-0.283374
-0.671882
-0.811510
-0.701384
-0.545229
-0.316110
0.055716
0.050502
-0.087175
0.013989
0.125189
0.165814
0.171430
0.130827
0.090347
0.086959
0.102117
0.119286
-0.685248
-0.918625
-1.212962
-1.169348
-1.061824
-0.985462
-0.736061
-0.561440
-0.494198
-0.554033
-0.535364
-0.546590
-0.792950
-0.765112
-0.527690
-0.338685
-0.298220
-0.440512
-0.754702
-0.815456
-0.684895
-0.559841
-0.349665
-0.002525
0.077177
-0.084223
0.007116
0.102845
0.116754
0.137632
0.093990
0.069872
0.052107
0.050580
0.053589
-0.772620
-0.950687
-1.239937
-1.270536
-1.226446
-1.119067
-0.958478
-0.857768
-0.847000
-0.798506
-0.716272
-0.734572
-0.774089
-0.832153
-0.704478
-0.450145
-0.452752
-0.716673
-0.871738
-0.826093
-0.676402
-0.552537
-0.340955
-0.045637
0.107647
-0.054511
0.002498
0.123494
0.091969
0.113637
0.075589
0.046372
0.012001
-0.017098
-0.043855
-0.860206
-1.038427
-1.244735
-1.282151
-1.293998
-1.267889
-1.088039
-0.835181
-0.778312
-0.515859
-0.164738
-0.177213
-0.439231
-0.433456
-0.504020
-0.481451
-0.686310
-0.915068
-0.971965
-0.864284
-0.676256
-0.544353
-0.320443
-0.056944
0.104104
-0.077172
-0.117872
0.038252
0.090390
0.082219
0.051223
0.001209
-0.042319
-0.084011
-0.101296
-1.361070
-1.341893
-1.303371
-1.224565
-1.297803
-1.294414
-1.159615
-0.903787
-0.612421
-0.160369
0.105895
-0.117614
-0.351782
-0.268730
-0.294032
-0.503006
-0.797290
-0.978745
-0.999370
-0.872550
-0.649654
-0.465423
-0.233810
-0.011178
0.121541
-0.097051
-0.191185
-0.075361
0.096061
0.080207
0.019412
-0.035893
-0.071067
-0.114995
-0.126202
-1.181779
-1.184295
-1.231880
-1.193155
-1.241558
-1.281636
-1.142110
-0.813140
-0.410466
-0.163650
0.016445
-0.200307
-0.353536
-0.277672
-0.385221
-0.776042
-1.040540
-1.074011
-0.989570
-0.874901
-0.614280
-0.312623
-0.099241
0.060194
0.132960
-0.103339
-0.240983
-0.186949
0.048533
0.072497
0.017767
-0.010445
-0.054315
-0.090637
-0.104666
-0.963419
-0.837940
-0.796315
-0.853692
-1.235559
-1.319131
-1.214006
-0.886064
-0.486844
-0.109465
0.137699
-0.055799
-0.320402
-0.325409
-0.505977
-0.955700
-1.149669
-1.100511
-1.009326
-0.936489
-0.648365
-0.206937
-0.007735
0.108346
0.140968
0.024461
-0.207916
-0.272624
-0.083754
-0.027197
-0.043244
-0.046050
-0.040394
-0.022605
-0.053549
-1.191932
-0.925015
-0.643895
-0.010514
-0.986329
-1.382566
-1.349807
-1.077133
-0.726338
-0.361518
-0.085568
-0.078285
-0.368933
-0.309301
-0.576861
-1.008024
-1.172553
-1.148708
-1.116153
-0.997565
-0.575164
-0.024359
0.083957
0.140114
0.198970
0.173051
0.001494
-0.144149
-0.085109
-0.120220
-0.141634
-0.095991
-0.039447
0.017779
0.011192
-1.403725
-0.985640
-0.487378
-0.213291
-0.471561
-1.067693
-1.185746
-1.131591
-0.803389
-0.444317
-0.179002
-0.020521
0.130788
0.159848
-0.258802
-0.741019
-0.988284
-1.058775
-1.071478
-0.820158
-0.228456
0.265628
0.257559
0.215064
0.237858
0.279497
0.233545
0.143355
0.106405
0.025215
-0.009289
0.047047
0.100199
0.132317
0.150919
-1.462130
-0.991054
-0.627375
-0.535449
-0.474913
-0.670702
-0.920826
-0.956996
-0.702142
-0.339210
0.135620
0.355151
0.387347
-0.049344
-0.533435
-0.918509
-1.106547
-1.123896
-0.962564
-0.364231
0.206492
0.439483
0.360739
0.255254
0.247725
0.339648
0.286786
0.202917
0.187063
0.146253
0.089290
0.098007
0.122904
0.124410
0.121712
-1.520919
-1.104620
-0.776945
-0.746879
-0.429118
-0.411652
-0.643695
-0.670768
-0.596788
-0.280570
0.276002
0.557792
0.122002
-0.427761
-0.822402
-1.033582
-1.027715
-0.948602
-0.575965
0.023760
0.294749
0.465341
0.480275
0.393450
0.314547
0.341944
0.280661
0.122693
0.028610
0.077293
0.028246
-0.029848
-0.041729
-0.028577
-0.029380
-1.550202
-1.248781
-0.834771
-0.724272
-0.511627
-0.187288
-0.081930
-0.048444
0.073067
0.227913
0.488307
0.378143
-0.143952
-0.388346
-0.492707
-0.501235
-0.355570
0.091015
0.469054
0.451128
0.367670
0.455436
0.489413
0.435260
0.329209
0.176473
-0.054111
-0.227323
-0.293583
-0.237589
-0.117911
-0.137625
-0.155221
-0.129502
-0.128985
